0.066 0.066 0.068 0.066 0.066 0.068 0.066 0.066 0.068 0.066 0.066 0.068 0.066 0.066 0.068 
0.195964 0.195964 0.043786 0.0634475 0.0634475 0.0141767 0.0634475 0.0634475 0.0141767 0.0634475 0.0634475 0.0141767 0.0634475 0.0634475 0.0141767 
0.0579398 0.0579398 0.00280757 0.107558 0.107558 0.00521191 0.107558 0.107558 0.00521191 0.107558 0.107558 0.00521191 0.107558 0.107558 0.00521191 
0.0496853 0.0127762 0.000619094 0.184491 0.0474404 0.00229881 0.184491 0.0474404 0.00229881 0.184491 0.0474404 0.00229881 0.184491 0.0474404 0.00229881 
0.0304527 0.00201361 9.75728e-05 0.226179 0.0149555 0.000724694 0.226179 0.0149555 0.000724694 0.226179 0.0149555 0.000724694 0.226179 0.0149555 0.000724694 
0.0135447 0.00286595 0.000138875 0.201222 0.042577 0.00206314 0.201222 0.042577 0.00206314 0.201222 0.042577 0.00206314 0.201222 0.042577 0.00206314 
0.00524185 0.00295769 0.00014332 0.155766 0.0878899 0.00425885 0.155766 0.0878899 0.00425885 0.155766 0.0878899 0.00425885 0.155766 0.0878899 0.00425885 
0.0133969 0.0201577 0.000976778 0.0936416 0.140898 0.00682746 0.0936416 0.140898 0.00682746 0.0936416 0.140898 0.00682746 0.0936416 0.140898 0.00682746 
0.000743555 0.00111879 0.00433704 0.0297991 0.0448374 0.173814 0.0297991 0.0448374 0.173814 0.0297991 0.0448374 0.173814 0.0297991 0.0448374 0.173814 
0.0020589 0.000849063 0.00329142 0.0825137 0.0340275 0.131909 0.0825137 0.0340275 0.131909 0.0825137 0.0340275 0.131909 0.0825137 0.0340275 0.131909 
0.00204926 0.000217308 0.000842403 0.164274 0.01742 0.0675291 0.164274 0.01742 0.0675291 0.164274 0.01742 0.0675291 0.164274 0.01742 0.0675291 
0.0187911 0.0187911 0.00419867 0.107741 0.107741 0.0240735 0.107741 0.107741 0.0240735 0.107741 0.107741 0.0240735 0.107741 0.107741 0.0240735 
0.00434053 0.0138897 0.00310351 0.0497795 0.159294 0.0355926 0.0497795 0.159294 0.0355926 0.0497795 0.159294 0.0355926 0.0497795 0.159294 0.0355926 
0.000942363 0.0080415 0.00179679 0.0216175 0.18447 0.0412177 0.0216175 0.18447 0.0412177 0.0216175 0.18447 0.0412177 0.0216175 0.18447 0.0412177 
0.000187896 0.00427567 0.000955352 0.00862153 0.196188 0.043836 0.00862153 0.196188 0.043836 0.00862153 0.196188 0.043836 0.00862153 0.196188 0.043836 
3.61045e-05 0.00219088 0.000489527 0.00331367 0.201078 0.0449288 0.00331367 0.201078 0.0449288 0.00331367 0.201078 0.0449288 0.00331367 0.201078 0.0449288 
6.8348e-06 0.00110599 0.000247121 0.00125474 0.203039 0.0453668 0.00125474 0.203039 0.0453668 0.00125474 0.203039 0.0453668 0.00125474 0.203039 0.0453668 
1.28629e-06 0.00055505 0.00012402 0.000472331 0.203817 0.0455407 0.000472331 0.203817 0.0455407 0.000472331 0.203817 0.0455407 0.000472331 0.203817 0.0455407 
2.41519e-07 0.000277916 6.20973e-05 0.000177394 0.204127 0.0456101 0.000177394 0.204127 0.0456101 0.000177394 0.204127 0.0456101 0.000177394 0.204127 0.0456101 
4.53074e-08 0.000139027 3.10641e-05 6.65636e-05 0.204253 0.0456381 6.65636e-05 0.204253 0.0456381 6.65636e-05 0.204253 0.0456381 6.65636e-05 0.204253 0.0456381 
8.49629e-09 6.95231e-05 1.55342e-05 2.49676e-05 0.204304 0.0456496 2.49676e-05 0.204304 0.0456496 2.49676e-05 0.204304 0.0456496 2.49676e-05 0.204304 0.0456496 
1.59304e-09 3.47612e-05 7.76701e-06 9.36385e-06 0.204326 0.0456544 9.36385e-06 0.204326 0.0456544 9.36385e-06 0.204326 0.0456544 9.36385e-06 0.204326 0.0456544 
2.90565e-09 1.73772e-05 3.88275e-06 3.41627e-05 0.20431 0.0456508 3.41627e-05 0.20431 0.0456508 3.41627e-05 0.20431 0.0456508 3.41627e-05 0.20431 0.0456508 
5.64706e-09 8.68427e-06 1.94041e-06 0.000132804 0.204231 0.0456333 0.000132804 0.204231 0.0456333 0.000132804 0.204231 0.0456333 0.000132804 0.204231 0.0456333 
5.99687e-08 3.68889e-05 8.24243e-06 0.000331734 0.204062 0.0455954 0.000331734 0.204062 0.0455954 0.000331734 0.204062 0.0455954 0.000331734 0.204062 0.0455954 
0.34395 0.34395 0.0166667 0.0360556 0.0360556 0.00174713 0.0360556 0.0360556 0.00174713 0.0360556 0.0360556 0.00174713 0.0360556 0.0360556 0.00174713 
0.437932 0.437932 0.00460209 0.0148636 0.0148636 0.000156196 0.0148636 0.0148636 0.000156196 0.0148636 0.0148636 0.000156196 0.0148636 0.0148636 0.000156196 
0.439732 0.439732 0.00100215 0.0149246 0.0149246 3.40131e-05 0.0149246 0.0149246 3.40131e-05 0.0149246 0.0149246 3.40131e-05 0.0149246 0.0149246 3.40131e-05 
0.440125 0.440125 0.000217527 0.014938 0.014938 7.38292e-06 0.014938 0.014938 7.38292e-06 0.014938 0.014938 7.38292e-06 0.014938 0.014938 7.38292e-06 
0.44021 0.44021 4.71836e-05 0.0149408 0.0149408 1.60143e-06 0.0149408 0.0149408 1.60143e-06 0.0149408 0.0149408 1.60143e-06 0.0149408 0.0149408 1.60143e-06 
0.440228 0.440228 1.0233e-05 0.0149415 0.0149415 3.47312e-07 0.0149415 0.0149415 3.47312e-07 0.0149415 0.0149415 3.47312e-07 0.0149415 0.0149415 3.47312e-07 
0.440232 0.440232 2.21923e-06 0.0149416 0.0149416 7.53213e-08 0.0149416 0.0149416 7.53213e-08 0.0149416 0.0149416 7.53213e-08 0.0149416 0.0149416 7.53213e-08 
0.440233 0.440233 4.8128e-07 0.0149416 0.0149416 1.63348e-08 0.0149416 0.0149416 1.63348e-08 0.0149416 0.0149416 1.63348e-08 0.0149416 0.0149416 1.63348e-08 
0.440233 0.440233 1.04374e-07 0.0149416 0.0149416 3.54248e-09 0.0149416 0.0149416 3.54248e-09 0.0149416 0.0149416 3.54248e-09 0.0149416 0.0149416 3.54248e-09 
0.440233 0.440233 2.26353e-08 0.0149416 0.0149416 0 0.0149416 0.0149416 0 0.0149416 0.0149416 0 0.0149416 0.0149416 0 
0.209635 0.670832 3.44919e-08 0.00711507 0.0227682 0 0.00711507 0.0227682 0 0.00711507 0.0227682 0 0.00711507 0.0227682 0 
0.209635 0.670832 7.16967e-09 0.00711507 0.0227682 0 0.00711507 0.0227682 0 0.00711507 0.0227682 0 0.00711507 0.0227682 0 
0.0783333 0.802133 8.57298e-09 0.00265866 0.0272246 0 0.00265866 0.0272246 0 0.00265866 0.0272246 0 0.00265866 0.0272246 0 
0.123246 0.757221 0 0.00418299 0.0257003 0 0.00418299 0.0257003 0 0.00418299 0.0257003 0 0.00418299 0.0257003 0 
2.98673e-10 1.73794e-05 3.88323e-06 3.5116e-06 0.204335 0.0456564 3.5116e-06 0.204335 0.0456564 3.5116e-06 0.204335 0.0456564 3.5116e-06 0.204335 0.0456564 
0 8.68884e-06 1.94143e-06 1.31688e-06 0.204339 0.0456573 1.31688e-06 0.204339 0.0456573 1.31688e-06 0.204339 0.0456573 1.31688e-06 0.204339 0.0456573 
0 4.34396e-06 9.70611e-07 4.93833e-07 0.20434 0.0456577 4.93833e-07 0.20434 0.0456577 4.93833e-07 0.20434 0.0456577 4.93833e-07 0.20434 0.0456577 
0 2.17174e-06 4.85251e-07 1.85188e-07 0.204341 0.0456579 1.85188e-07 0.204341 0.0456579 1.85188e-07 0.204341 0.0456579 1.85188e-07 0.204341 0.0456579 
0 9.23266e-06 2.06294e-06 6.94449e-08 0.20434 0.0456575 6.94449e-08 0.20434 0.0456575 6.94449e-08 0.20434 0.0456575 6.94449e-08 0.20434 0.0456575 
0 3.37554e-05 1.13134e-06 8.22045e-08 0.241884 0.00810696 8.22045e-08 0.241884 0.00810696 8.22045e-08 0.241884 0.00810696 8.22045e-08 0.241884 0.00810696 
4.39806e-07 0.000138705 3.09921e-05 0.000646144 0.203779 0.0455322 0.000646144 0.203779 0.0455322 0.000646144 0.203779 0.0455322 0.000646144 0.203779 0.0455322 
8.48813e-07 6.88362e-05 1.53807e-05 0.00249437 0.202286 0.0451986 0.00249437 0.202286 0.0451986 0.00249437 0.202286 0.0451986 0.00249437 0.202286 0.0451986 
1.60411e-06 3.34513e-05 7.47434e-06 0.00942893 0.196626 0.043934 0.00942893 0.196626 0.043934 0.00942893 0.196626 0.043934 0.00942893 0.196626 0.043934 
2.81237e-06 1.50809e-05 3.36966e-06 0.0330659 0.177311 0.0396181 0.0330659 0.177311 0.0396181 0.0330659 0.177311 0.0396181 0.0330659 0.177311 0.0396181 
3.36396e-05 4.63851e-05 1.03643e-05 0.0930328 0.128282 0.0286631 0.0930328 0.128282 0.0286631 0.0930328 0.128282 0.0286631 0.0930328 0.128282 0.0286631 
1.07231e-06 1.4786e-06 1.3215e-05 0.0170033 0.0234456 0.209547 0.0170033 0.0234456 0.209547 0.0170033 0.0234456 0.209547 0.0170033 0.0234456 0.209547 
4.19969e-07 1.54424e-06 1.38017e-05 0.00665933 0.0244865 0.21885 0.00665933 0.0244865 0.21885 0.00665933 0.0244865 0.21885 0.00665933 0.0244865 0.21885 
1.60155e-07 1.57038e-06 1.40354e-05 0.00253953 0.0249011 0.222555 0.00253953 0.0249011 0.222555 0.00253953 0.0249011 0.222555 0.00253953 0.0249011 0.222555 
0.0144844 0.0463502 0.00224598 0.0537834 0.172107 0.00833972 0.0537834 0.172107 0.00833972 0.0537834 0.172107 0.00833972 0.0537834 0.172107 0.00833972 
0.00327379 0.0279364 0.0013537 0.0243152 0.20749 0.0100543 0.0243152 0.20749 0.0100543 0.0243152 0.20749 0.0100543 0.0243152 0.20749 0.0100543 
0.000665758 0.0151497 0.000734104 0.0098906 0.225066 0.010906 0.0098906 0.225066 0.010906 0.0098906 0.225066 0.010906 0.0098906 0.225066 0.010906 
0.00103316 0.0626938 0.00303793 0.00361037 0.219082 0.010616 0.00361037 0.219082 0.010616 0.00361037 0.219082 0.010616 0.00361037 0.219082 0.010616 
0.00290522 0.176293 0.0017757 0.00328701 0.19946 0.00200906 0.00328701 0.19946 0.00200906 0.00328701 0.19946 0.00200906 0.00328701 0.19946 0.00200906 
0.00656216 0.398202 0.000869827 0.00240385 0.145869 0.000318635 0.00240385 0.145869 0.000318635 0.00240385 0.145869 0.000318635 0.00240385 0.145869 0.000318635 
0.0109906 0.666928 0.000315939 0.00130353 0.0791003 3.74716e-05 0.00130353 0.0791003 3.74716e-05 0.00130353 0.0791003 3.74716e-05 0.00130353 0.0791003 3.74716e-05 
0.0140522 0.85271 8.76032e-05 0.000539613 0.0327445 3.36401e-06 0.000539613 0.0327445 3.36401e-06 0.000539613 0.0327445 3.36401e-06 0.000539613 0.0327445 3.36401e-06 
0.0140533 0.852778 1.89998e-05 0.000539656 0.0327471 7.29602e-07 0.000539656 0.0327471 7.29602e-07 0.000539656 0.0327471 7.29602e-07 0.000539656 0.0327471 7.29602e-07 
0.0140536 0.852792 4.12051e-06 0.000539665 0.0327477 1.5823e-07 0.000539665 0.0327477 1.5823e-07 0.000539665 0.0327477 1.5823e-07 0.000539665 0.0327477 1.5823e-07 
0.0140536 0.852795 8.93608e-07 0.000539667 0.0327478 3.4315e-08 0.000539667 0.0327478 3.4315e-08 0.000539667 0.0327478 3.4315e-08 0.000539667 0.0327478 3.4315e-08 
0.0140536 0.852796 1.93795e-07 0.000539668 0.0327478 7.44182e-09 0.000539668 0.0327478 7.44182e-09 0.000539668 0.0327478 7.44182e-09 0.000539668 0.0327478 7.44182e-09 
0 8.68845e-06 1.94134e-06 1.28123e-05 0.204329 0.0456552 1.28123e-05 0.204329 0.0456552 1.28123e-05 0.204329 0.0456552 1.28123e-05 0.204329 0.0456552 
0 4.3431e-06 9.70419e-07 4.98183e-05 0.2043 0.0456487 4.98183e-05 0.2043 0.0456487 4.98183e-05 0.2043 0.0456487 4.98183e-05 0.2043 0.0456487 
0 2.1716e-06 4.85221e-07 1.55704e-05 0.204329 0.045655 1.55704e-05 0.204329 0.045655 1.55704e-05 0.204329 0.045655 1.55704e-05 0.204329 0.045655 
0 1.08572e-06 2.42592e-07 5.83913e-06 0.204337 0.0456569 5.83913e-06 0.204337 0.0456569 5.83913e-06 0.204337 0.0456569 5.83913e-06 0.204337 0.0456569 
0 5.42806e-07 1.21284e-07 2.18971e-06 0.20434 0.0456576 2.18971e-06 0.20434 0.0456576 2.18971e-06 0.20434 0.0456576 2.18971e-06 0.20434 0.0456576 
0 2.30762e-06 5.15612e-07 3.64949e-06 0.204338 0.0456572 3.64949e-06 0.204338 0.0456572 3.64949e-06 0.204338 0.0456572 3.64949e-06 0.204338 0.0456572 
0 1.08575e-06 2.42598e-07 6.94456e-08 0.204342 0.0456579 6.94456e-08 0.204342 0.0456579 6.94456e-08 0.204342 0.0456579 6.94456e-08 0.204342 0.0456579 
0 5.4281e-07 1.21285e-07 2.60421e-08 0.204342 0.045658 2.60421e-08 0.204342 0.045658 2.60421e-08 0.204342 0.045658 2.60421e-08 0.204342 0.045658 
0 2.71374e-07 6.06356e-08 9.7658e-09 0.204342 0.045658 9.7658e-09 0.204342 0.045658 9.7658e-09 0.204342 0.045658 9.7658e-09 0.204342 0.045658 
0 1.15369e-06 2.57781e-07 0 0.204342 0.0456579 0 0.204342 0.0456579 0 0.204342 0.0456579 0 0.204342 0.0456579 
8.25945e-08 6.94625e-05 1.55206e-05 0.000242717 0.204126 0.0456098 0.000242717 0.204126 0.0456098 0.000242717 0.204126 0.0456098 0.000242717 0.204126 0.0456098 
1.6014e-07 3.46316e-05 7.73805e-06 0.000941298 0.203564 0.0454842 0.000941298 0.203564 0.0454842 0.000941298 0.203564 0.0454842 0.000941298 0.203564 0.0454842 
3.08003e-07 1.71278e-05 3.82703e-06 0.00362129 0.201378 0.0449957 0.00362129 0.201378 0.0449957 0.00362129 0.201378 0.0449957 0.00362129 0.201378 0.0449957 
4.88731e-06 6.98863e-05 1.56153e-05 0.0135162 0.193276 0.0431854 0.0135162 0.193276 0.0431854 0.0135162 0.193276 0.0431854 0.0135162 0.193276 0.0431854 
1.10172e-07 1.57541e-06 1.40804e-05 0.00174697 0.0249809 0.223268 0.00174697 0.0249809 0.223268 0.00174697 0.0249809 0.223268 0.00174697 0.0249809 0.223268 
4.14958e-08 1.58232e-06 1.41421e-05 0.000657987 0.0250905 0.224248 0.000657987 0.0250905 0.224248 0.000657987 0.0250905 0.224248 0.000657987 0.0250905 0.224248 
1.55866e-08 1.58493e-06 1.41654e-05 0.000247152 0.0251318 0.224617 0.000247152 0.0251318 0.224617 0.000247152 0.0251318 0.224617 0.000247152 0.0251318 0.224617 
5.67214e-08 1.58079e-06 1.41284e-05 0.000899414 0.0250662 0.22403 0.000899414 0.0250662 0.22403 0.000899414 0.0250662 0.22403 0.000899414 0.0250662 0.22403 
0.146111 0.146111 0.00153544 0.0878189 0.0878189 0.00092286 0.0878189 0.0878189 0.00092286 0.0878189 0.0878189 0.00092286 0.0878189 0.0878189 0.00092286 
0.15088 0.482815 0.00507375 0.0213311 0.0682594 0.000717316 0.0213311 0.0682594 0.000717316 0.0213311 0.0682594 0.000717316 0.0213311 0.0682594 0.000717316 
0.200913 0.642922 0.00140439 0.00919662 0.0294292 6.42848e-05 0.00919662 0.0294292 6.42848e-05 0.00919662 0.0294292 6.42848e-05 0.00919662 0.0294292 6.42848e-05 
0.201175 0.64376 0.000304964 0.0092086 0.0294675 1.39594e-05 0.0092086 0.0294675 1.39594e-05 0.0092086 0.0294675 1.39594e-05 0.0092086 0.0294675 1.39594e-05 
0.201232 0.643942 6.61554e-05 0.00921121 0.0294759 3.0282e-06 0.00921121 0.0294759 3.0282e-06 0.00921121 0.0294759 3.0282e-06 0.00921121 0.0294759 3.0282e-06 
0.201244 0.643981 1.43478e-05 0.00921177 0.0294777 6.56759e-07 0.00921177 0.0294777 6.56759e-07 0.00921177 0.0294777 6.56759e-07 0.00921177 0.0294777 6.56759e-07 
0.201247 0.64399 3.11162e-06 0.00921189 0.0294781 1.42432e-07 0.00921189 0.0294781 1.42432e-07 0.00921189 0.0294781 1.42432e-07 0.00921189 0.0294781 1.42432e-07 
0.201247 0.643992 6.74811e-07 0.00921192 0.0294781 3.08889e-08 0.00921192 0.0294781 3.08889e-08 0.00921192 0.0294781 3.08889e-08 0.00921192 0.0294781 3.08889e-08 
0.201247 0.643992 1.46345e-07 0.00921192 0.0294782 6.6988e-09 0.00921192 0.0294782 6.6988e-09 0.00921192 0.0294782 6.6988e-09 0.00921192 0.0294782 6.6988e-09 
0 4.34388e-06 9.70594e-07 4.80477e-06 0.204337 0.0456569 4.80477e-06 0.204337 0.0456569 4.80477e-06 0.204337 0.0456569 4.80477e-06 0.204337 0.0456569 
0 2.17158e-06 4.85215e-07 1.86842e-05 0.204326 0.0456545 1.86842e-05 0.204326 0.0456545 1.86842e-05 0.204326 0.0456545 1.86842e-05 0.204326 0.0456545 
0 1.08543e-06 2.42528e-07 7.26454e-05 0.204282 0.0456447 7.26454e-05 0.204282 0.0456447 7.26454e-05 0.204282 0.0456447 7.26454e-05 0.204282 0.0456447 
0 5.42198e-07 1.21148e-07 0.000282273 0.204111 0.0456064 0.000282273 0.204111 0.0456064 0.000282273 0.204111 0.0456064 0.000282273 0.204111 0.0456064 
0 2.70186e-07 6.03702e-08 0.00109416 0.203448 0.0454582 0.00109416 0.203448 0.0454582 0.00109416 0.203448 0.0454582 0.00109416 0.203448 0.0454582 
0 1.33391e-07 2.98048e-08 0.00420194 0.200907 0.0448906 0.00420194 0.200907 0.0448906 0.00420194 0.200907 0.0448906 0.00420194 0.200907 0.0448906 
0 5.53141e-07 1.23593e-07 0.0102465 0.195967 0.0437866 0.0102465 0.195967 0.0437866 0.0102465 0.195967 0.0437866 0.0102465 0.195967 0.0437866 
1.54948e-08 3.47498e-05 7.76447e-06 9.10779e-05 0.204259 0.0456394 9.10779e-05 0.204259 0.0456394 9.10779e-05 0.204259 0.0456394 9.10779e-05 0.204259 0.0456394 
3.00942e-08 1.7355e-05 3.87779e-06 0.000353827 0.204048 0.0455924 0.000353827 0.204048 0.0455924 0.000353827 0.204048 0.0455924 0.000353827 0.204048 0.0455924 
4.7063e-09 8.68504e-06 1.94058e-06 0.00011068 0.204249 0.0456373 0.00011068 0.204249 0.0456373 0.00011068 0.204249 0.0456373 0.00011068 0.204249 0.0456373 
8.82579e-10 4.34325e-06 9.70451e-07 4.15166e-05 0.204307 0.0456502 4.15166e-05 0.204307 0.0456502 4.15166e-05 0.204307 0.0456502 4.15166e-05 0.204307 0.0456502 
1.65482e-10 2.1716e-06 4.85221e-07 1.55704e-05 0.204329 0.045655 1.55704e-05 0.204329 0.045655 1.55704e-05 0.204329 0.045655 1.55704e-05 0.204329 0.045655 
0 1.0855e-06 2.42543e-07 5.68016e-05 0.204295 0.0456476 5.68016e-05 0.204295 0.0456476 5.68016e-05 0.204295 0.0456476 5.68016e-05 0.204295 0.0456476 
0 5.42331e-07 1.21178e-07 0.00022075 0.204161 0.0456177 0.00022075 0.204161 0.0456177 0.00022075 0.204161 0.0456177 0.00022075 0.204161 0.0456177 
0 2.30256e-06 5.14483e-07 0.000551145 0.203891 0.0455572 0.000551145 0.203891 0.0455572 0.000551145 0.203891 0.0455572 0.000551145 0.203891 0.0455572 
7.2203e-08 0.00059082 0.000132012 2.49517e-05 0.204174 0.0456204 2.49517e-05 0.204174 0.0456204 2.49517e-05 0.204174 0.0456204 2.49517e-05 0.204174 0.0456204 
0 6.68374e-06 0.000119473 1.61842e-06 0.0132432 0.236724 1.61842e-06 0.0132432 0.236724 1.61842e-06 0.0132432 0.236724 1.61842e-06 0.0132432 0.236724 
0 6.68377e-06 0.000119473 6.06912e-07 0.0132432 0.236725 6.06912e-07 0.0132432 0.236725 6.06912e-07 0.0132432 0.236725 6.06912e-07 0.0132432 0.236725 
0 6.68373e-06 0.000119473 2.21439e-06 0.0132431 0.236723 2.21439e-06 0.0132431 0.236723 2.21439e-06 0.0132431 0.236723 2.21439e-06 0.0132431 0.236723 
0 6.68356e-06 0.000119469 8.61131e-06 0.0132428 0.236717 8.61131e-06 0.0132428 0.236717 8.61131e-06 0.0132428 0.236717 8.61131e-06 0.0132428 0.236717 
0 6.68321e-06 0.000119463 2.15272e-05 0.0132421 0.236705 2.15272e-05 0.0132421 0.236705 2.15272e-05 0.0132421 0.236705 2.15272e-05 0.0132421 0.236705 
0.350442 0.350442 0.00368268 0.0367361 0.0367361 0.000386048 0.0367361 0.0367361 0.000386048 0.0367361 0.0367361 0.000386048 0.0367361 0.0367361 0.000386048 
6.37057e-05 0.0010595 0.000236735 0.0116952 0.194505 0.04346 0.0116952 0.194505 0.04346 0.0116952 0.194505 0.04346 0.0116952 0.194505 0.04346 
0.000109169 0.00046687 0.000104317 0.0400872 0.171437 0.0383057 0.0400872 0.171437 0.0383057 0.0400872 0.171437 0.0383057 0.0400872 0.171437 0.0383057 
0.000933123 0.00159624 0.000356662 0.080598 0.137874 0.0308065 0.080598 0.137874 0.0308065 0.080598 0.137874 0.0308065 0.080598 0.137874 0.0308065 
0.0406625 0.13012 0.00136739 0.0488854 0.156433 0.00164391 0.0488854 0.156433 0.00164391 0.0488854 0.156433 0.00164391 0.0488854 0.156433 0.00164391 
0.00978612 0.0835082 0.000877561 0.0235329 0.200814 0.00211029 0.0235329 0.200814 0.00211029 0.0235329 0.200814 0.00211029 0.0235329 0.200814 0.00211029 
0.012774 0.290678 0.00305465 0.00722548 0.16442 0.00172784 0.00722548 0.16442 0.00172784 0.00722548 0.16442 0.00172784 0.00722548 0.16442 0.00172784 
0.024246 0.551731 0.0012052 0.00444038 0.101043 0.000220718 0.00444038 0.101043 0.000220718 0.00444038 0.101043 0.000220718 0.00444038 0.101043 0.000220718 
0.0340099 0.773913 0.00036662 0.00201662 0.0458892 2.17388e-05 0.00201662 0.0458892 2.17388e-05 0.00201662 0.0458892 2.17388e-05 0.00201662 0.0458892 2.17388e-05 
0.0178361 0.40587 4.1697e-05 0.0060638 0.137985 1.41759e-05 0.0060638 0.137985 1.41759e-05 0.0060638 0.137985 1.41759e-05 0.0060638 0.137985 1.41759e-05 
0.00364116 0.265141 2.72393e-05 0.00247609 0.180303 1.85234e-05 0.00247609 0.180303 1.85234e-05 0.00247609 0.180303 1.85234e-05 0.00247609 0.180303 1.85234e-05 
0.00312407 0.606634 6.23226e-05 0.000499716 0.0970353 9.96893e-06 0.000499716 0.0970353 9.96893e-06 0.000499716 0.0970353 9.96893e-06 0.000499716 0.0970353 9.96893e-06 
0.00424414 0.82413 1.75993e-05 0.000219802 0.0426813 9.11461e-07 0.000219802 0.0426813 9.11461e-07 0.000219802 0.0426813 9.11461e-07 0.000219802 0.0426813 9.11461e-07 
0.00424421 0.824144 3.81679e-06 0.000219805 0.042682 1.97669e-07 0.000219805 0.042682 1.97669e-07 0.000219805 0.042682 1.97669e-07 0.000219805 0.042682 1.97669e-07 
0.00424423 0.824147 8.2774e-07 0.000219806 0.0426821 4.28682e-08 0.000219806 0.0426821 4.28682e-08 0.000219806 0.0426821 4.28682e-08 0.000219806 0.0426821 4.28682e-08 
0.286768 0.0737403 0.00357321 0.12522 0.0321994 0.00156028 0.12522 0.0321994 0.00156028 0.12522 0.0321994 0.00156028 0.12522 0.0321994 0.00156028 
0.507022 0.130377 0.00137009 0.0716816 0.0184324 0.0001937 0.0716816 0.0184324 0.0001937 0.0716816 0.0184324 0.0001937 0.0716816 0.0184324 0.0001937 
0.672036 0.172809 0.000393831 0.0307619 0.00791019 1.80273e-05 0.0307619 0.00791019 1.80273e-05 0.0307619 0.00791019 1.80273e-05 0.0307619 0.00791019 1.80273e-05 
0.672282 0.172872 8.54403e-05 0.0307731 0.00791308 3.91095e-06 0.0307731 0.00791308 3.91095e-06 0.0307731 0.00791308 3.91095e-06 0.0307731 0.00791308 3.91095e-06 
0.672335 0.172886 1.85307e-05 0.0307755 0.00791371 8.48226e-07 0.0307755 0.00791371 8.48226e-07 0.0307755 0.00791371 8.48226e-07 0.0307755 0.00791371 8.48226e-07 
0.672347 0.172889 4.01877e-06 0.0307761 0.00791384 1.83956e-07 0.0307761 0.00791384 1.83956e-07 0.0307761 0.00791384 1.83956e-07 0.0307761 0.00791384 1.83956e-07 
0.672349 0.17289 8.71544e-07 0.0307762 0.00791387 3.98942e-08 0.0307762 0.00791387 3.98942e-08 0.0307762 0.00791387 3.98942e-08 0.0307762 0.00791387 3.98942e-08 
0.67235 0.17289 1.8901e-07 0.0307762 0.00791388 8.65175e-09 0.0307762 0.00791388 8.65175e-09 0.0307762 0.00791388 8.65175e-09 0.0307762 0.00791388 8.65175e-09 
0.67235 0.17289 4.09901e-08 0.0307762 0.00791388 1.87628e-09 0.0307762 0.00791388 1.87628e-09 0.0307762 0.00791388 1.87628e-09 0.0307762 0.00791388 1.87628e-09 
0.67235 0.17289 8.88942e-09 0.0307762 0.00791388 0 0.0307762 0.00791388 0 0.0307762 0.00791388 0 0.0307762 0.00791388 0 
0.792817 0.052423 2.69541e-09 0.0362905 0.00239962 0 0.0362905 0.00239962 0 0.0362905 0.00239962 0 0.0362905 0.00239962 0 
0.0318169 0.101814 0.0227493 0.0429104 0.137313 0.0306812 0.0429104 0.137313 0.0306812 0.0429104 0.137313 0.0306812 0.0429104 0.137313 0.0306812 
0.0837234 0.267915 0.0124434 0.0365586 0.116988 0.00543351 0.0365586 0.116988 0.00543351 0.0365586 0.116988 0.00543351 0.0365586 0.116988 0.00543351 
0.15093 0.482975 0.00486474 0.0213381 0.0682819 0.000687767 0.0213381 0.0682819 0.000687767 0.0213381 0.0682819 0.000687767 0.0213381 0.0682819 0.000687767 
0.209169 0.66934 0.000317082 0.00484582 0.0155066 7.34585e-06 0.00957451 0.0306384 1.45141e-05 0.00957451 0.0306384 1.45141e-05 0.00484582 0.0155066 7.34585e-06 
0.209228 0.669529 6.87841e-05 0.00484719 0.015511 1.59353e-06 0.00957722 0.0306471 3.14853e-06 0.00957722 0.0306471 3.14853e-06 0.00484719 0.015511 1.59353e-06 
0.209241 0.66957 1.49179e-05 0.00484749 0.015512 3.45605e-07 0.0095778 0.030649 6.82856e-07 0.0095778 0.030649 6.82856e-07 0.00484749 0.015512 3.45605e-07 
0.209243 0.669579 3.23526e-06 0.00484755 0.0155122 7.49515e-08 0.00957793 0.0306494 1.48091e-07 0.00957793 0.0306494 1.48091e-07 0.00484755 0.0155122 7.49515e-08 
0.209244 0.669581 7.01625e-07 0.00484757 0.0155122 1.62546e-08 0.00957796 0.0306495 3.21163e-08 0.00957796 0.0306495 3.21163e-08 0.00484757 0.0155122 1.62546e-08 
0.209244 0.669581 1.5216e-07 0.00484757 0.0155122 3.52509e-09 0.00957796 0.0306495 6.96498e-09 0.00957796 0.0306495 6.96498e-09 0.00484757 0.0155122 3.52509e-09 
0.453599 0.453599 4.86187e-05 0.00779181 0.00779181 8.35161e-07 0.0153953 0.0153953 1.65013e-06 0.0153953 0.0153953 1.65013e-06 0.00779181 0.00779181 8.35161e-07 
0.453618 0.453618 1.05443e-05 0.00779214 0.00779214 1.81127e-07 0.0153959 0.0153959 3.57875e-07 0.0153959 0.0153959 3.57875e-07 0.00779214 0.00779214 1.81127e-07 
0.453622 0.453622 2.28673e-06 0.00779221 0.00779221 3.92809e-08 0.0153961 0.0153961 7.76122e-08 0.0153961 0.0153961 7.76122e-08 0.00779221 0.00779221 3.92809e-08 
0.453623 0.453623 4.95918e-07 0.00779223 0.00779223 8.51876e-09 0.0153961 0.0153961 1.68316e-08 0.0153961 0.0153961 1.68316e-08 0.00779223 0.00779223 8.51876e-09 
0.453623 0.453623 1.07549e-07 0.00779223 0.00779223 1.84744e-09 0.0153961 0.0153961 3.65023e-09 0.0153961 0.0153961 3.65023e-09 0.00779223 0.00779223 1.84744e-09 
0.453623 0.453623 2.33238e-08 0.00779223 0.00779223 0 0.0153961 0.0153961 0 0.0153961 0.0153961 0 0.00779223 0.00779223 0 
0.000966878 0.000966878 0.0398471 0.00554369 0.00554369 0.228467 0.00554369 0.00554369 0.228467 0.00554369 0.00554369 0.228467 0.00554369 0.00554369 0.228467 
0.000367901 0.000981068 0.0404319 0.00210939 0.00562505 0.23182 0.00210939 0.00562505 0.23182 0.00210939 0.00562505 0.23182 0.00210939 0.00562505 0.23182 
0.00157599 0.00420265 0.0360022 0.00903611 0.0240963 0.206422 0.00903611 0.0240963 0.206422 0.00903611 0.0240963 0.206422 0.00903611 0.0240963 0.206422 
0.0048465 0.012924 0.0240103 0.0277879 0.0741011 0.137666 0.0277879 0.0741011 0.137666 0.0277879 0.0741011 0.137666 0.0277879 0.0741011 0.137666 
0.00159191 0.0042451 0.00171034 0.0523328 0.139554 0.0562262 0.0523328 0.139554 0.0562262 0.0523328 0.139554 0.0562262 0.0523328 0.139554 0.0562262 
0.000291992 0.00249166 0.00100389 0.0192002 0.163841 0.0660115 0.0192002 0.163841 0.0660115 0.0192002 0.163841 0.0660115 0.0192002 0.163841 0.0660115 
5.76224e-05 0.00131123 0.000528292 0.0075789 0.172462 0.0694847 0.0075789 0.172462 0.0694847 0.0075789 0.172462 0.0694847 0.0075789 0.172462 0.0694847 
1.10225e-05 0.000668859 0.000269482 0.00289984 0.175966 0.0708965 0.00289984 0.175966 0.0708965 0.00289984 0.175966 0.0708965 0.00289984 0.175966 0.0708965 
2.08256e-06 0.000336995 0.000135775 0.00109591 0.177337 0.0714487 0.00109591 0.177337 0.0714487 0.00109591 0.177337 0.0714487 0.00109591 0.177337 0.0714487 
3.91602e-07 0.000168981 6.80823e-05 0.000412193 0.177866 0.0716621 0.000412193 0.177866 0.0716621 0.000412193 0.177866 0.0716621 0.000412193 0.177866 0.0716621 
7.35014e-08 8.45781e-05 3.40764e-05 0.00015475 0.178071 0.0717445 0.00015475 0.178071 0.0717445 0.00015475 0.178071 0.0717445 0.00015475 0.178071 0.0717445 
1.37861e-08 4.2303e-05 1.70438e-05 5.80572e-05 0.178151 0.0717766 5.80572e-05 0.178151 0.0717766 5.80572e-05 0.178151 0.0717766 5.80572e-05 0.178151 0.0717766 
2.58504e-09 2.11528e-05 8.52242e-06 2.17753e-05 0.178182 0.0717891 2.17753e-05 0.178182 0.0717891 2.17753e-05 0.178182 0.0717891 2.17753e-05 0.178182 0.0717891 
4.84673e-10 1.05759e-05 4.26101e-06 8.16629e-06 0.178194 0.0717941 8.16629e-06 0.178194 0.0717941 8.16629e-06 0.178194 0.0717941 8.16629e-06 0.178194 0.0717941 
0 5.28749e-06 2.13032e-06 3.06244e-06 0.178199 0.0717961 3.06244e-06 0.178199 0.0717961 3.06244e-06 0.178199 0.0717961 3.06244e-06 0.178199 0.0717961 
0 2.64347e-06 1.06505e-06 1.14843e-06 0.178201 0.0717969 1.14843e-06 0.178201 0.0717969 1.14843e-06 0.178201 0.0717969 1.14843e-06 0.178201 0.0717969 
0 1.32159e-06 5.32466e-07 4.30663e-07 0.178202 0.0717972 4.30663e-07 0.178202 0.0717972 4.30663e-07 0.178202 0.0717972 4.30663e-07 0.178202 0.0717972 
0 6.60719e-07 2.66203e-07 1.61499e-07 0.178202 0.0717974 1.61499e-07 0.178202 0.0717974 1.61499e-07 0.178202 0.0717974 1.61499e-07 0.178202 0.0717974 
0 3.30322e-07 1.33086e-07 6.05621e-08 0.178202 0.0717974 6.05621e-08 0.178202 0.0717974 6.05621e-08 0.178202 0.0717974 6.05621e-08 0.178202 0.0717974 
0 1.65142e-07 6.65354e-08 2.27108e-08 0.178202 0.0717975 2.27108e-08 0.178202 0.0717975 2.27108e-08 0.178202 0.0717975 2.27108e-08 0.178202 0.0717975 
0 1.65142e-07 6.65354e-08 8.28638e-08 0.178202 0.0717975 8.28638e-08 0.178202 0.0717975 8.28638e-08 0.178202 0.0717975 8.28638e-08 0.178202 0.0717975 
0 1.65142e-07 6.65353e-08 3.22248e-07 0.178202 0.0717974 3.22248e-07 0.178202 0.0717974 3.22248e-07 0.178202 0.0717974 3.22248e-07 0.178202 0.0717974 
0 7.02067e-07 2.82862e-07 8.05617e-07 0.178202 0.0717972 8.05617e-07 0.178202 0.0717972 8.05617e-07 0.178202 0.0717972 8.05617e-07 0.178202 0.0717972 
0.209635 0.670832 7.16967e-09 0.00711507 0.0227682 0 0.00711507 0.0227682 0 0.00711507 0.0227682 0 0.00711507 0.0227682 0 
0 2.17172e-06 4.85248e-07 1.80182e-06 0.20434 0.0456576 1.80182e-06 0.20434 0.0456576 1.80182e-06 0.20434 0.0456576 1.80182e-06 0.20434 0.0456576 
0 1.08572e-06 2.42591e-07 7.00693e-06 0.204336 0.0456567 7.00693e-06 0.204336 0.0456567 7.00693e-06 0.204336 0.0456567 7.00693e-06 0.204336 0.0456567 
0 5.42751e-07 1.21272e-07 2.7247e-05 0.20432 0.045653 2.7247e-05 0.20432 0.045653 2.7247e-05 0.20432 0.045653 2.7247e-05 0.20432 0.045653 
0 2.71259e-07 6.06099e-08 0.000105927 0.204255 0.0456387 0.000105927 0.204255 0.0456387 0.000105927 0.204255 0.0456387 0.000105927 0.204255 0.0456387 
0 1.35653e-07 3.03103e-08 3.31119e-05 0.204315 0.045652 3.31119e-05 0.204315 0.045652 3.31119e-05 0.204315 0.045652 3.31119e-05 0.204315 0.045652 
0 1.35606e-07 3.02997e-08 0.000120771 0.204243 0.0456359 0.000120771 0.204243 0.0456359 0.000120771 0.204243 0.0456359 0.000120771 0.204243 0.0456359 
0 5.76085e-07 1.2872e-07 0.000301709 0.204095 0.0456029 0.000301709 0.204095 0.0456029 0.000301709 0.204095 0.0456029 0.000301709 0.204095 0.0456029 
0 1.35671e-07 3.03143e-08 3.66218e-09 0.204342 0.045658 3.66218e-09 0.204342 0.045658 3.66218e-09 0.204342 0.045658 3.66218e-09 0.204342 0.045658 
0 1.35671e-07 3.03143e-08 3.5632e-08 0.204342 0.045658 3.5632e-08 0.204342 0.045658 3.5632e-08 0.204342 0.045658 3.5632e-08 0.204342 0.045658 
0 5.4281e-07 1.21285e-07 4.34035e-08 0.204342 0.045658 4.34035e-08 0.204342 0.045658 4.34035e-08 0.204342 0.045658 4.34035e-08 0.204342 0.045658 
1.09624e-08 4.33501e-06 9.6861e-07 0.000515671 0.203919 0.0455636 0.000515671 0.203919 0.0455636 0.000515671 0.203919 0.0455636 0.000515671 0.203919 0.0455636 
1.80163e-07 1.832e-05 4.0934e-06 0.00199348 0.202708 0.0452929 0.00199348 0.202708 0.0452929 0.00199348 0.202708 0.0452929 0.00199348 0.202708 0.0452929 
3.89579e-09 3.96146e-07 3.54058e-06 0.000247155 0.0251321 0.22462 0.000247155 0.0251321 0.22462 0.000247155 0.0251321 0.22462 0.000247155 0.0251321 0.22462 
1.46182e-09 3.96391e-07 3.54277e-06 9.27403e-05 0.0251476 0.224759 9.27403e-05 0.0251476 0.224759 9.27403e-05 0.0251476 0.224759 9.27403e-05 0.0251476 0.224759 
5.07859e-09 1.37712e-06 2.55843e-06 0.000322193 0.0873665 0.16231 0.000322193 0.0873665 0.16231 0.000322193 0.0873665 0.16231 0.000322193 0.0873665 0.16231 
1.80196e-09 4.88622e-07 1.96865e-07 0.000655458 0.177735 0.0716092 0.000655458 0.177735 0.0716092 0.000655458 0.177735 0.0716092 0.000655458 0.177735 0.0716092 
2.82032e-10 2.44724e-07 9.85989e-08 0.0002052 0.178056 0.0717385 0.0002052 0.178056 0.0717385 0.0002052 0.178056 0.0717385 0.0002052 0.178056 0.0717385 
0 1.22411e-07 4.93191e-08 7.69897e-05 0.178148 0.0717754 7.69897e-05 0.178148 0.0717754 7.69897e-05 0.178148 0.0717754 7.69897e-05 0.178148 0.0717754 
0 1.22434e-07 4.93285e-08 2.88767e-05 0.178182 0.0717892 2.88767e-05 0.178182 0.0717892 2.88767e-05 0.178182 0.0717892 2.88767e-05 0.178182 0.0717892 
0 1.22443e-07 4.93321e-08 1.08295e-05 0.178195 0.0717944 1.08295e-05 0.178195 0.0717944 1.08295e-05 0.178195 0.0717944 1.08295e-05 0.178195 0.0717944 
0 1.22429e-07 4.93265e-08 3.95087e-05 0.178174 0.0717861 3.95087e-05 0.178174 0.0717861 3.95087e-05 0.178174 0.0717861 3.95087e-05 0.178174 0.0717861 
0 5.2036e-07 2.09652e-07 9.87482e-05 0.178132 0.0717691 9.87482e-05 0.178132 0.0717691 9.87482e-05 0.178132 0.0717691 9.87482e-05 0.178132 0.0717691 
0.136644 0.035137 0.000369243 0.164276 0.0422424 0.000443912 0.164276 0.0422424 0.000443912 0.164276 0.0422424 0.000443912 0.164276 0.0422424 0.000443912 
0.0882737 0.00583687 6.13378e-05 0.212273 0.014036 0.0001475 0.212273 0.014036 0.0001475 0.212273 0.014036 0.0001475 0.212273 0.014036 0.0001475 
0.30133 0.00512348 5.38411e-05 0.170445 0.00289806 3.04548e-05 0.170445 0.00289806 3.04548e-05 0.170445 0.00289806 3.04548e-05 0.170445 0.00289806 3.04548e-05 
0.567511 0.00964934 2.19908e-05 0.103933 0.00176717 4.02736e-06 0.103933 0.00176717 4.02736e-06 0.103933 0.00176717 4.02736e-06 0.103933 0.00176717 4.02736e-06 
0.79477 0.0135134 6.67885e-06 0.0471259 0.000801278 3.96023e-07 0.0471259 0.000801278 3.96023e-07 0.0471259 0.000801278 3.96023e-07 0.0471259 0.000801278 3.96023e-07 
0.794775 0.0135135 1.44843e-06 0.0471262 0.000801283 8.5885e-08 0.0471262 0.000801283 8.5885e-08 0.0471262 0.000801283 8.5885e-08 0.0471262 0.000801283 8.5885e-08 
0.794776 0.0135135 3.14119e-07 0.0471263 0.000801284 1.86257e-08 0.0471263 0.000801284 1.86257e-08 0.0471263 0.000801284 1.86257e-08 0.0471263 0.000801284 1.86257e-08 
0.794776 0.0135135 6.81222e-08 0.0471263 0.000801285 4.03931e-09 0.0471263 0.000801285 4.03931e-09 0.0471263 0.000801285 4.03931e-09 0.0471263 0.000801285 4.03931e-09 
0.834271 0.014185 7.15074e-08 0.0250367 0.000425697 2.14596e-09 0.0494682 0.000841103 4.24004e-09 0.0494682 0.000841103 4.24004e-09 0.0250367 0.000425697 2.14596e-09 
1.35422e-08 0.000295501 6.60265e-05 9.36086e-06 0.20426 0.0456398 9.36086e-06 0.20426 0.0456398 9.36086e-06 0.20426 0.0456398 9.36086e-06 0.20426 0.0456398 
0 3.34171e-06 5.97335e-05 6.0695e-07 0.0132441 0.23674 6.0695e-07 0.0132441 0.23674 6.0695e-07 0.0132441 0.23674 6.0695e-07 0.0132441 0.23674 
0 3.34172e-06 5.97336e-05 2.27607e-07 0.0132441 0.23674 2.27607e-07 0.0132441 0.23674 2.27607e-07 0.0132441 0.23674 2.27607e-07 0.0132441 0.23674 
0 1.33758e-05 4.96994e-05 9.11035e-07 0.0530118 0.196972 9.11035e-07 0.0530118 0.196972 9.11035e-07 0.0530118 0.196972 9.11035e-07 0.0530118 0.196972 
0 3.49291e-05 2.81457e-05 2.37904e-06 0.138433 0.111549 2.37904e-06 0.138433 0.111549 2.37904e-06 0.138433 0.111549 2.37904e-06 0.138433 0.111549 
0 0.000175888 1.88974e-05 3.87875e-06 0.225698 0.0242489 3.87875e-06 0.225698 0.0242489 3.87875e-06 0.225698 0.0242489 3.87875e-06 0.225698 0.0242489 
1.2312e-05 0.000546038 0.000122006 0.00452104 0.200508 0.0448013 0.00452104 0.200508 0.0448013 0.00452104 0.200508 0.0448013 0.00452104 0.200508 0.0448013 
2.27558e-05 0.000259513 5.79855e-05 0.016714 0.190611 0.04259 0.016714 0.190611 0.04259 0.016714 0.190611 0.04259 0.016714 0.190611 0.04259 
3.70849e-05 0.000108752 2.42995e-05 0.0544835 0.159774 0.0356998 0.0544835 0.159774 0.0356998 0.0544835 0.159774 0.0356998 0.0544835 0.159774 0.0356998 
0.000296868 0.000348229 7.78079e-05 0.102591 0.12034 0.0268887 0.102591 0.12034 0.0268887 0.102591 0.12034 0.0268887 0.102591 0.12034 0.0268887 
0.0145311 0.88177 1.96458e-05 0.000282415 0.0171374 3.81818e-07 0.000558003 0.0338605 7.54407e-07 0.000558003 0.0338605 7.54407e-07 0.000282415 0.0171374 3.81818e-07 
0.0145314 0.881786 4.2606e-06 0.00028242 0.0171376 8.28054e-08 0.000558013 0.033861 1.63609e-07 0.000558013 0.033861 1.63609e-07 0.00028242 0.0171376 8.28054e-08 
0.0145314 0.881789 9.23989e-07 0.000282421 0.0171377 1.79579e-08 0.000558015 0.0338612 3.54817e-08 0.000558015 0.0338612 3.54817e-08 0.000282421 0.0171377 1.79579e-08 
0.0145314 0.88179 2.00383e-07 0.000282421 0.0171377 3.89448e-09 0.000558015 0.0338612 7.69482e-09 0.000558015 0.0338612 7.69482e-09 0.000282421 0.0171377 3.89448e-09 
0.0145314 0.88179 4.34566e-08 0.000282421 0.0171377 8.44586e-10 0.000558015 0.0338612 1.66876e-09 0.000558015 0.0338612 1.66876e-09 0.000282421 0.0171377 8.44586e-10 
0.0147859 0.897228 9.58933e-09 0.000145441 0.00882556 0 0.000567785 0.0344541 3.68235e-10 0.000567785 0.0344541 3.68235e-10 0.000145441 0.00882556 0 
0.0147859 0.897228 2.07961e-09 0.000145441 0.00882556 0 0.000567785 0.0344541 0 0.000567785 0.0344541 0 0.000145441 0.00882556 0 
0.00741376 0.0632641 0.0141357 0.0199997 0.170664 0.038133 0.0199997 0.170664 0.038133 0.0199997 0.170664 0.038133 0.0199997 0.170664 0.038133 
0.0224111 0.191241 0.00888225 0.0195743 0.167034 0.00775793 0.0195743 0.167034 0.00775793 0.0195743 0.167034 0.00775793 0.0195743 0.167034 0.00775793 
0.0487801 0.416257 0.00419273 0.0137944 0.117713 0.00118565 0.0137944 0.117713 0.00118565 0.0137944 0.117713 0.00118565 0.0137944 0.117713 0.00118565 
0.0766269 0.653883 0.00142834 0.00701587 0.0598687 0.000130777 0.00701587 0.0598687 0.000130777 0.00701587 0.0598687 0.000130777 0.00701587 0.0598687 0.000130777 
0.0937358 0.799879 0.000378921 0.00277871 0.0237117 1.12328e-05 0.00277871 0.0237117 1.12328e-05 0.00277871 0.0237117 1.12328e-05 0.00277871 0.0237117 1.12328e-05 
0.0937669 0.800144 8.22029e-05 0.00277964 0.0237196 2.43683e-06 0.00277964 0.0237196 2.43683e-06 0.00277964 0.0237196 2.43683e-06 0.00277964 0.0237196 2.43683e-06 
0.0937737 0.800202 1.78284e-05 0.00277984 0.0237213 5.28508e-07 0.00277984 0.0237213 5.28508e-07 0.00277984 0.0237213 5.28508e-07 0.00277984 0.0237213 5.28508e-07 
0.0937751 0.800214 3.86646e-06 0.00277988 0.0237217 1.14618e-07 0.00277988 0.0237217 1.14618e-07 0.00277988 0.0237217 1.14618e-07 0.00277988 0.0237217 1.14618e-07 
0.0937754 0.800217 8.38513e-07 0.00277989 0.0237217 2.4857e-08 0.00277989 0.0237217 2.4857e-08 0.00277989 0.0237217 2.4857e-08 0.00277989 0.0237217 2.4857e-08 
0.0937755 0.800218 1.81846e-07 0.00277989 0.0237217 5.39067e-09 0.00277989 0.0237217 5.39067e-09 0.00277989 0.0237217 5.39067e-09 0.00277989 0.0237217 5.39067e-09 
0.0937755 0.800218 3.94366e-08 0.00277989 0.0237218 1.16906e-09 0.00277989 0.0237218 1.16906e-09 0.00277989 0.0237218 1.16906e-09 0.00277989 0.0237218 1.16906e-09 
0.096336 0.822067 8.78603e-09 0.0028558 0.0243695 2.60454e-10 0.00142376 0.0121494 0 0.0028558 0.0243695 2.60454e-10 0.00142376 0.0121494 0 
0.096336 0.822067 1.9054e-09 0.0028558 0.0243695 0 0.00142376 0.0121494 0 0.0028558 0.0243695 0 0.00142376 0.0121494 0 
0.37802 0.37802 0.0039725 0.020056 0.020056 0.000210762 0.0396271 0.0396271 0.000416429 0.0396271 0.0396271 0.000416429 0.020056 0.020056 0.000210762 
0.453723 0.453723 0.000224247 0.0153995 0.0153995 7.61102e-06 0.00767741 0.00767741 3.79447e-06 0.0153995 0.0153995 7.61102e-06 0.00767741 0.00767741 3.79447e-06 
0.453811 0.453811 4.86414e-05 0.0154025 0.0154025 1.6509e-06 0.00767889 0.00767889 8.23057e-07 0.0154025 0.0154025 1.6509e-06 0.00767889 0.00767889 8.23057e-07 
0.45383 0.45383 1.05492e-05 0.0154031 0.0154031 3.58042e-07 0.00767921 0.00767921 1.78502e-07 0.0154031 0.0154031 3.58042e-07 0.00767921 0.00767921 1.78502e-07 
0.453834 0.453834 2.28779e-06 0.0154032 0.0154032 7.76484e-08 0.00767928 0.00767928 3.87116e-08 0.0154032 0.0154032 7.76484e-08 0.00767928 0.00767928 3.87116e-08 
0.453835 0.453835 4.96149e-07 0.0154033 0.0154033 1.68394e-08 0.0076793 0.0076793 8.3953e-09 0.0154033 0.0154033 1.68394e-08 0.0076793 0.0076793 8.3953e-09 
0.453835 0.453835 1.07599e-07 0.0154033 0.0154033 3.65193e-09 0.0076793 0.0076793 1.82067e-09 0.0154033 0.0154033 3.65193e-09 0.0076793 0.0076793 1.82067e-09 
0.209635 0.670832 3.44919e-08 0.00711507 0.0227682 0 0.00711507 0.0227682 0 0.00711507 0.0227682 0 0.00711507 0.0227682 0 
0.0923567 0.78811 4.0522e-08 0.00313461 0.0267487 0 0.00313461 0.0267487 0 0.00313461 0.0267487 0 0.00313461 0.0267487 0 
0.0370636 0.843403 4.33649e-08 0.00125795 0.0286253 0 0.00125795 0.0286253 0 0.00125795 0.0286253 0 0.00125795 0.0286253 0 
0.0370636 0.843403 9.01406e-09 0.00125795 0.0286253 0 0.00125795 0.0286253 0 0.00125795 0.0286253 0 0.00125795 0.0286253 0 
0.0307168 0.698978 7.47048e-09 0.00464678 0.10574 0 0.00104254 0.0237235 0 0.00104254 0.0237235 0 0.00464678 0.10574 0 
0.00988508 0.719809 7.69312e-09 0.00149539 0.108891 0 0.000335502 0.0244305 0 0.000335502 0.0244305 0 0.00149539 0.108891 0 
0.00373856 0.725956 7.75882e-09 0.000565562 0.109821 0 0.000126888 0.0246392 0 0.000126888 0.0246392 0 0.000565562 0.109821 0 
0.00140646 0.728288 7.78374e-09 0.000212767 0.110174 0 4.77358e-05 0.0247183 0 4.77358e-05 0.0247183 0 0.000212767 0.110174 0 
0.00172105 0.891186 1.97986e-09 8.42962e-05 0.0436499 0 1.89124e-05 0.00979316 0 1.89124e-05 0.00979316 0 8.42962e-05 0.0436499 0 
0.00132145 0.684268 0 0.000288487 0.149383 0 1.45213e-05 0.00751935 0 1.45213e-05 0.00751935 0 0.000288487 0.149383 0 
0.0162283 0.004173 0.000932412 0.186115 0.0478581 0.0106934 0.186115 0.0478581 0.0106934 0.186115 0.0478581 0.0106934 0.186115 0.0478581 0.0106934 
0.0099738 0.000659492 0.000147356 0.228796 0.0151286 0.00338031 0.228796 0.0151286 0.00338031 0.228796 0.0151286 0.00338031 0.228796 0.0151286 0.00338031 
0.0351743 0.00744259 0.00166297 0.189797 0.0401596 0.00897322 0.189797 0.0401596 0.00897322 0.189797 0.0401596 0.00897322 0.189797 0.0401596 0.00897322 
0.102492 0.0216864 0.00100723 0.179057 0.037887 0.00175967 0.179057 0.037887 0.00175967 0.179057 0.037887 0.00175967 0.179057 0.037887 0.00175967 
0.252535 0.0534343 0.000538214 0.142844 0.0302247 0.000304437 0.142844 0.0302247 0.000304437 0.142844 0.0302247 0.000304437 0.142844 0.0302247 0.000304437 
0.476202 0.10076 0.0002201 0.087211 0.0184531 4.03088e-05 0.087211 0.0184531 4.03088e-05 0.087211 0.0184531 4.03088e-05 0.087211 0.0184531 4.03088e-05 
