0.066 0.066 0.068 0.066 0.066 0.068 0.066 0.066 0.068 0.066 0.066 0.068 0.066 0.066 0.068 
0.195964 0.195964 0.043786 0.0634475 0.0634475 0.0141767 0.0634475 0.0634475 0.0141767 0.0634475 0.0634475 0.0141767 0.0634475 0.0634475 0.0141767 
0.0579398 0.0579398 0.00280757 0.107558 0.107558 0.00521191 0.107558 0.107558 0.00521191 0.107558 0.107558 0.00521191 0.107558 0.107558 0.00521191 
0.0496853 0.0127762 0.000619094 0.184491 0.0474404 0.00229881 0.184491 0.0474404 0.00229881 0.184491 0.0474404 0.00229881 0.184491 0.0474404 0.00229881 
0.0304527 0.00201361 9.75728e-05 0.226179 0.0149555 0.000724694 0.226179 0.0149555 0.000724694 0.226179 0.0149555 0.000724694 0.226179 0.0149555 0.000724694 
0.0135447 0.00286595 0.000138875 0.201222 0.042577 0.00206314 0.201222 0.042577 0.00206314 0.201222 0.042577 0.00206314 0.201222 0.042577 0.00206314 
0.00524185 0.00295769 0.00014332 0.155766 0.0878899 0.00425885 0.155766 0.0878899 0.00425885 0.155766 0.0878899 0.00425885 0.155766 0.0878899 0.00425885 
0.0133969 0.0201577 0.000976778 0.0936416 0.140898 0.00682746 0.0936416 0.140898 0.00682746 0.0936416 0.140898 0.00682746 0.0936416 0.140898 0.00682746 
0.0187911 0.0187911 0.00419867 0.107741 0.107741 0.0240735 0.107741 0.107741 0.0240735 0.107741 0.107741 0.0240735 0.107741 0.107741 0.0240735 
0.00434053 0.0138897 0.00310351 0.0497795 0.159294 0.0355926 0.0497795 0.159294 0.0355926 0.0497795 0.159294 0.0355926 0.0497795 0.159294 0.0355926 
0.000942363 0.0080415 0.00179679 0.0216175 0.18447 0.0412177 0.0216175 0.18447 0.0412177 0.0216175 0.18447 0.0412177 0.0216175 0.18447 0.0412177 
0.000187896 0.00427567 0.000955352 0.00862153 0.196188 0.043836 0.00862153 0.196188 0.043836 0.00862153 0.196188 0.043836 0.00862153 0.196188 0.043836 
3.61045e-05 0.00219088 0.000489527 0.00331367 0.201078 0.0449288 0.00331367 0.201078 0.0449288 0.00331367 0.201078 0.0449288 0.00331367 0.201078 0.0449288 
6.8348e-06 0.00110599 0.000247121 0.00125474 0.203039 0.0453668 0.00125474 0.203039 0.0453668 0.00125474 0.203039 0.0453668 0.00125474 0.203039 0.0453668 
1.28629e-06 0.00055505 0.00012402 0.000472331 0.203817 0.0455407 0.000472331 0.203817 0.0455407 0.000472331 0.203817 0.0455407 0.000472331 0.203817 0.0455407 
2.41519e-07 0.000277916 6.20973e-05 0.000177394 0.204127 0.0456101 0.000177394 0.204127 0.0456101 0.000177394 0.204127 0.0456101 0.000177394 0.204127 0.0456101 
4.53074e-08 0.000139027 3.10641e-05 6.65636e-05 0.204253 0.0456381 6.65636e-05 0.204253 0.0456381 6.65636e-05 0.204253 0.0456381 6.65636e-05 0.204253 0.0456381 
8.49629e-09 6.95231e-05 1.55342e-05 2.49676e-05 0.204304 0.0456496 2.49676e-05 0.204304 0.0456496 2.49676e-05 0.204304 0.0456496 2.49676e-05 0.204304 0.0456496 
1.54948e-08 3.47498e-05 7.76447e-06 9.10779e-05 0.204259 0.0456394 9.10779e-05 0.204259 0.0456394 9.10779e-05 0.204259 0.0456394 9.10779e-05 0.204259 0.0456394 
1.59304e-09 3.47612e-05 7.76701e-06 9.36385e-06 0.204326 0.0456544 9.36385e-06 0.204326 0.0456544 9.36385e-06 0.204326 0.0456544 9.36385e-06 0.204326 0.0456544 
2.98673e-10 1.73794e-05 3.88323e-06 3.5116e-06 0.204335 0.0456564 3.5116e-06 0.204335 0.0456564 3.5116e-06 0.204335 0.0456564 3.5116e-06 0.204335 0.0456564 
0 7.38806e-05 1.65078e-05 1.31677e-06 0.204322 0.0456536 1.31677e-06 0.204322 0.0456536 1.31677e-06 0.204322 0.0456536 1.31677e-06 0.204322 0.0456536 
0.34395 0.34395 0.0166667 0.0360556 0.0360556 0.00174713 0.0360556 0.0360556 0.00174713 0.0360556 0.0360556 0.00174713 0.0360556 0.0360556 0.00174713 
0.437932 0.437932 0.00460209 0.0148636 0.0148636 0.000156196 0.0148636 0.0148636 0.000156196 0.0148636 0.0148636 0.000156196 0.0148636 0.0148636 0.000156196 
0.439732 0.439732 0.00100215 0.0149246 0.0149246 3.40131e-05 0.0149246 0.0149246 3.40131e-05 0.0149246 0.0149246 3.40131e-05 0.0149246 0.0149246 3.40131e-05 
0.440125 0.440125 0.000217527 0.014938 0.014938 7.38292e-06 0.014938 0.014938 7.38292e-06 0.014938 0.014938 7.38292e-06 0.014938 0.014938 7.38292e-06 
0.44021 0.44021 4.71836e-05 0.0149408 0.0149408 1.60143e-06 0.0149408 0.0149408 1.60143e-06 0.0149408 0.0149408 1.60143e-06 0.0149408 0.0149408 1.60143e-06 
0.440228 0.440228 1.0233e-05 0.0149415 0.0149415 3.47312e-07 0.0149415 0.0149415 3.47312e-07 0.0149415 0.0149415 3.47312e-07 0.0149415 0.0149415 3.47312e-07 
0.440232 0.440232 2.21923e-06 0.0149416 0.0149416 7.53213e-08 0.0149416 0.0149416 7.53213e-08 0.0149416 0.0149416 7.53213e-08 0.0149416 0.0149416 7.53213e-08 
0 8.68884e-06 1.94143e-06 1.31688e-06 0.204339 0.0456573 1.31688e-06 0.204339 0.0456573 1.31688e-06 0.204339 0.0456573 1.31688e-06 0.204339 0.0456573 
0 4.34396e-06 9.70611e-07 4.93833e-07 0.20434 0.0456577 4.93833e-07 0.20434 0.0456577 4.93833e-07 0.20434 0.0456577 4.93833e-07 0.20434 0.0456577 
8.25945e-08 6.94625e-05 1.55206e-05 0.000242717 0.204126 0.0456098 0.000242717 0.204126 0.0456098 0.000242717 0.204126 0.0456098 0.000242717 0.204126 0.0456098 
1.6014e-07 3.46316e-05 7.73805e-06 0.000941298 0.203564 0.0454842 0.000941298 0.203564 0.0454842 0.000941298 0.203564 0.0454842 0.000941298 0.203564 0.0454842 
3.08003e-07 1.71278e-05 3.82703e-06 0.00362129 0.201378 0.0449957 0.00362129 0.201378 0.0449957 0.00362129 0.201378 0.0449957 0.00362129 0.201378 0.0449957 
2.90565e-09 1.73772e-05 3.88275e-06 3.41627e-05 0.20431 0.0456508 3.41627e-05 0.20431 0.0456508 3.41627e-05 0.20431 0.0456508 3.41627e-05 0.20431 0.0456508 
4.54004e-10 8.68852e-06 1.94136e-06 1.0677e-05 0.204331 0.0456556 1.0677e-05 0.204331 0.0456556 1.0677e-05 0.204331 0.0456556 1.0677e-05 0.204331 0.0456556 
0 4.3439e-06 9.70597e-07 4.00399e-06 0.204338 0.045657 4.00399e-06 0.204338 0.045657 4.00399e-06 0.204338 0.045657 4.00399e-06 0.204338 0.045657 
0 2.17173e-06 4.85249e-07 1.50152e-06 0.20434 0.0456576 1.50152e-06 0.20434 0.0456576 1.50152e-06 0.20434 0.0456576 1.50152e-06 0.20434 0.0456576 
0.146111 0.146111 0.00153544 0.0878189 0.0878189 0.00092286 0.0878189 0.0878189 0.00092286 0.0878189 0.0878189 0.00092286 0.0878189 0.0878189 0.00092286 
0.15088 0.482815 0.00507375 0.0213311 0.0682594 0.000717316 0.0213311 0.0682594 0.000717316 0.0213311 0.0682594 0.000717316 0.0213311 0.0682594 0.000717316 
0.200913 0.642922 0.00140439 0.00919662 0.0294292 6.42848e-05 0.00919662 0.0294292 6.42848e-05 0.00919662 0.0294292 6.42848e-05 0.00919662 0.0294292 6.42848e-05 
0.201175 0.64376 0.000304964 0.0092086 0.0294675 1.39594e-05 0.0092086 0.0294675 1.39594e-05 0.0092086 0.0294675 1.39594e-05 0.0092086 0.0294675 1.39594e-05 
0.201232 0.643942 6.61554e-05 0.00921121 0.0294759 3.0282e-06 0.00921121 0.0294759 3.0282e-06 0.00921121 0.0294759 3.0282e-06 0.00921121 0.0294759 3.0282e-06 
0.201244 0.643981 1.43478e-05 0.00921177 0.0294777 6.56759e-07 0.00921177 0.0294777 6.56759e-07 0.00921177 0.0294777 6.56759e-07 0.00921177 0.0294777 6.56759e-07 
0.201247 0.64399 3.11162e-06 0.00921189 0.0294781 1.42432e-07 0.00921189 0.0294781 1.42432e-07 0.00921189 0.0294781 1.42432e-07 0.00921189 0.0294781 1.42432e-07 
0.201247 0.643992 6.74811e-07 0.00921192 0.0294781 3.08889e-08 0.00921192 0.0294781 3.08889e-08 0.00921192 0.0294781 3.08889e-08 0.00921192 0.0294781 3.08889e-08 
0.201247 0.643992 1.46345e-07 0.00921192 0.0294782 6.6988e-09 0.00921192 0.0294782 6.6988e-09 0.00921192 0.0294782 6.6988e-09 0.00921192 0.0294782 6.6988e-09 
0 2.17174e-06 4.85251e-07 1.85188e-07 0.204341 0.0456579 1.85188e-07 0.204341 0.0456579 1.85188e-07 0.204341 0.0456579 1.85188e-07 0.204341 0.0456579 
0 1.08575e-06 2.42598e-07 6.94456e-08 0.204342 0.0456579 6.94456e-08 0.204342 0.0456579 6.94456e-08 0.204342 0.0456579 6.94456e-08 0.204342 0.0456579 
0 5.4281e-07 1.21285e-07 2.60421e-08 0.204342 0.045658 2.60421e-08 0.204342 0.045658 2.60421e-08 0.204342 0.045658 2.60421e-08 0.204342 0.045658 
0 8.68845e-06 1.94134e-06 1.28123e-05 0.204329 0.0456552 1.28123e-05 0.204329 0.0456552 1.28123e-05 0.204329 0.0456552 1.28123e-05 0.204329 0.0456552 
0 4.3431e-06 9.70419e-07 4.98183e-05 0.2043 0.0456487 4.98183e-05 0.2043 0.0456487 4.98183e-05 0.2043 0.0456487 4.98183e-05 0.2043 0.0456487 
0 4.34388e-06 9.70594e-07 4.80477e-06 0.204337 0.0456569 4.80477e-06 0.204337 0.0456569 4.80477e-06 0.204337 0.0456569 4.80477e-06 0.204337 0.0456569 
1.35422e-08 0.000295501 6.60265e-05 9.36086e-06 0.20426 0.0456398 9.36086e-06 0.20426 0.0456398 9.36086e-06 0.20426 0.0456398 9.36086e-06 0.20426 0.0456398 
2.33544e-06 0.000276204 6.17149e-05 0.00171537 0.20287 0.0453292 0.00171537 0.20287 0.0453292 0.00171537 0.20287 0.0453292 0.00171537 0.20287 0.0453292 
4.45308e-06 0.000135424 3.02591e-05 0.00654228 0.19896 0.0444554 0.00654228 0.19896 0.0444554 0.00654228 0.19896 0.0444554 0.00654228 0.19896 0.0444554 
0.0144844 0.0463502 0.00224598 0.0537834 0.172107 0.00833972 0.0537834 0.172107 0.00833972 0.0537834 0.172107 0.00833972 0.0537834 0.172107 0.00833972 
0.00327379 0.0279364 0.0013537 0.0243152 0.20749 0.0100543 0.0243152 0.20749 0.0100543 0.0243152 0.20749 0.0100543 0.0243152 0.20749 0.0100543 
0.00503597 0.114596 0.00555296 0.00879805 0.200204 0.00970124 0.00879805 0.200204 0.00970124 0.00879805 0.200204 0.00970124 0.00879805 0.200204 0.00970124 
0.0127792 0.290799 0.00292906 0.00722847 0.164488 0.0016568 0.00722847 0.164488 0.0016568 0.00722847 0.164488 0.0016568 0.00722847 0.164488 0.0016568 
0.024246 0.551731 0.0012052 0.00444038 0.101043 0.000220718 0.00444038 0.101043 0.000220718 0.00444038 0.101043 0.000220718 0.00444038 0.101043 0.000220718 
0.0340099 0.773913 0.00036662 0.00201662 0.0458892 2.17388e-05 0.00201662 0.0458892 2.17388e-05 0.00201662 0.0458892 2.17388e-05 0.00201662 0.0458892 2.17388e-05 
0.0340219 0.774188 7.95363e-05 0.00201733 0.0459055 4.71611e-06 0.00201733 0.0459055 4.71611e-06 0.00201733 0.0459055 4.71611e-06 0.00201733 0.0459055 4.71611e-06 
0.0340246 0.774248 1.72502e-05 0.00201749 0.0459091 1.02285e-06 0.00201749 0.0459091 1.02285e-06 0.00201749 0.0459091 1.02285e-06 0.00201749 0.0459091 1.02285e-06 
4.39806e-07 0.000138705 3.09921e-05 0.000646144 0.203779 0.0455322 0.000646144 0.203779 0.0455322 0.000646144 0.203779 0.0455322 0.000646144 0.203779 0.0455322 
8.48813e-07 6.88362e-05 1.53807e-05 0.00249437 0.202286 0.0451986 0.00249437 0.202286 0.0451986 0.00249437 0.202286 0.0451986 0.00249437 0.202286 0.0451986 
1.60411e-06 3.34513e-05 7.47434e-06 0.00942893 0.196626 0.043934 0.00942893 0.196626 0.043934 0.00942893 0.196626 0.043934 0.00942893 0.196626 0.043934 
0.350442 0.350442 0.00368268 0.0367361 0.0367361 0.000386048 0.0367361 0.0367361 0.000386048 0.0367361 0.0367361 0.000386048 0.0367361 0.0367361 0.000386048 
0.146712 0.146712 0.000334355 0.0881798 0.0881798 0.000200961 0.0881798 0.0881798 0.000200961 0.0881798 0.0881798 0.000200961 0.0881798 0.0881798 0.000200961 
0.000966878 0.000966878 0.0398471 0.00554369 0.00554369 0.228467 0.00554369 0.00554369 0.228467 0.00554369 0.00554369 0.228467 0.00554369 0.00554369 0.228467 
0.000367901 0.000981068 0.0404319 0.00210939 0.00562505 0.23182 0.00210939 0.00562505 0.23182 0.00210939 0.00562505 0.23182 0.00210939 0.00562505 0.23182 
0.00157599 0.00420265 0.0360022 0.00903611 0.0240963 0.206422 0.00903611 0.0240963 0.206422 0.00903611 0.0240963 0.206422 0.00903611 0.0240963 0.206422 
0.0048465 0.012924 0.0240103 0.0277879 0.0741011 0.137666 0.0277879 0.0741011 0.137666 0.0277879 0.0741011 0.137666 0.0277879 0.0741011 0.137666 
0 2.71374e-07 6.06356e-08 9.7658e-09 0.204342 0.045658 9.7658e-09 0.204342 0.045658 9.7658e-09 0.204342 0.045658 9.7658e-09 0.204342 0.045658 
0 1.35671e-07 3.03143e-08 3.66218e-09 0.204342 0.045658 3.66218e-09 0.204342 0.045658 3.66218e-09 0.204342 0.045658 3.66218e-09 0.204342 0.045658 
0.440233 0.440233 4.8128e-07 0.0149416 0.0149416 1.63348e-08 0.0149416 0.0149416 1.63348e-08 0.0149416 0.0149416 1.63348e-08 0.0149416 0.0149416 1.63348e-08 
0.440233 0.440233 1.04374e-07 0.0149416 0.0149416 3.54248e-09 0.0149416 0.0149416 3.54248e-09 0.0149416 0.0149416 3.54248e-09 0.0149416 0.0149416 3.54248e-09 
0.440233 0.440233 2.26353e-08 0.0149416 0.0149416 0 0.0149416 0.0149416 0 0.0149416 0.0149416 0 0.0149416 0.0149416 0 
0.209635 0.670832 3.44919e-08 0.00711507 0.0227682 0 0.00711507 0.0227682 0 0.00711507 0.0227682 0 0.00711507 0.0227682 0 
0.209635 0.670832 7.16967e-09 0.00711507 0.0227682 0 0.00711507 0.0227682 0 0.00711507 0.0227682 0 0.00711507 0.0227682 0 
0.209635 0.670832 7.16967e-09 0.00711507 0.0227682 0 0.00711507 0.0227682 0 0.00711507 0.0227682 0 0.00711507 0.0227682 0 
0 1.08574e-06 2.42597e-07 6.75685e-07 0.204341 0.0456578 6.75685e-07 0.204341 0.0456578 6.75685e-07 0.204341 0.0456578 6.75685e-07 0.204341 0.0456578 
0 5.42805e-07 1.21284e-07 2.62765e-06 0.20434 0.0456575 2.62765e-06 0.20434 0.0456575 2.62765e-06 0.20434 0.0456575 2.62765e-06 0.20434 0.0456575 
0 2.71363e-07 6.06331e-08 1.02183e-05 0.204334 0.0456561 1.02183e-05 0.204334 0.0456561 1.02183e-05 0.204334 0.0456561 1.02183e-05 0.204334 0.0456561 
0 5.4281e-07 1.21285e-07 2.53383e-07 0.204342 0.0456579 2.53383e-07 0.204342 0.0456579 2.53383e-07 0.204342 0.0456579 2.53383e-07 0.204342 0.0456579 
0 2.71373e-07 6.06354e-08 9.85374e-07 0.204341 0.0456578 9.85374e-07 0.204341 0.0456578 9.85374e-07 0.204341 0.0456578 9.85374e-07 0.204341 0.0456578 
0 1.35671e-07 3.03143e-08 3.0793e-07 0.204342 0.0456579 3.0793e-07 0.204342 0.0456579 3.0793e-07 0.204342 0.0456579 3.0793e-07 0.204342 0.0456579 
0 1.35671e-07 3.03142e-08 1.12353e-06 0.204341 0.0456578 1.12353e-06 0.204341 0.0456578 1.12353e-06 0.204341 0.0456578 1.12353e-06 0.204341 0.0456578 
0 2.17158e-06 4.85215e-07 1.86842e-05 0.204326 0.0456545 1.86842e-05 0.204326 0.0456545 1.86842e-05 0.204326 0.0456545 1.86842e-05 0.204326 0.0456545 
0 1.08572e-06 2.42592e-07 5.83913e-06 0.204337 0.0456569 5.83913e-06 0.204337 0.0456569 5.83913e-06 0.204337 0.0456569 5.83913e-06 0.204337 0.0456569 
0 5.42806e-07 1.21284e-07 2.18971e-06 0.20434 0.0456576 2.18971e-06 0.20434 0.0456576 2.18971e-06 0.20434 0.0456576 2.18971e-06 0.20434 0.0456576 
0 2.17172e-06 4.85248e-07 1.80182e-06 0.20434 0.0456576 1.80182e-06 0.20434 0.0456576 1.80182e-06 0.20434 0.0456576 1.80182e-06 0.20434 0.0456576 
0 1.08574e-06 2.42598e-07 5.63071e-07 0.204341 0.0456578 5.63071e-07 0.204341 0.0456578 5.63071e-07 0.204341 0.0456578 5.63071e-07 0.204341 0.0456578 
0 5.4281e-07 1.21285e-07 2.11152e-07 0.204342 0.0456579 2.11152e-07 0.204342 0.0456579 2.11152e-07 0.204342 0.0456579 2.11152e-07 0.204342 0.0456579 
0 3.69378e-05 8.25336e-06 4.93813e-07 0.204332 0.0456559 4.93813e-07 0.204332 0.0456559 4.93813e-07 0.204332 0.0456559 4.93813e-07 0.204332 0.0456559 
0.0406625 0.13012 0.00136739 0.0488854 0.156433 0.00164391 0.0488854 0.156433 0.00164391 0.0488854 0.156433 0.00164391 0.0488854 0.156433 0.00164391 
0.00978612 0.0835082 0.000877561 0.0235329 0.200814 0.00211029 0.0235329 0.200814 0.00211029 0.0235329 0.200814 0.00211029 0.0235329 0.200814 0.00211029 
0.012774 0.290678 0.00305465 0.00722548 0.16442 0.00172784 0.00722548 0.16442 0.00172784 0.00722548 0.16442 0.00172784 0.00722548 0.16442 0.00172784 
0.0178361 0.40587 4.1697e-05 0.0060638 0.137985 1.41759e-05 0.0060638 0.137985 1.41759e-05 0.0060638 0.137985 1.41759e-05 0.0060638 0.137985 1.41759e-05 
0.00364116 0.265141 2.72393e-05 0.00247609 0.180303 1.85234e-05 0.00247609 0.180303 1.85234e-05 0.00247609 0.180303 1.85234e-05 0.00247609 0.180303 1.85234e-05 
0.00312407 0.606634 6.23226e-05 0.000499716 0.0970353 9.96893e-06 0.000499716 0.0970353 9.96893e-06 0.000499716 0.0970353 9.96893e-06 0.000499716 0.0970353 9.96893e-06 
0.00424414 0.82413 1.75993e-05 0.000219802 0.0426813 9.11461e-07 0.000219802 0.0426813 9.11461e-07 0.000219802 0.0426813 9.11461e-07 0.000219802 0.0426813 9.11461e-07 
0.00424421 0.824144 3.81679e-06 0.000219805 0.042682 1.97669e-07 0.000219805 0.042682 1.97669e-07 0.000219805 0.042682 1.97669e-07 0.000219805 0.042682 1.97669e-07 
0.00424423 0.824147 8.2774e-07 0.000219806 0.0426821 4.28682e-08 0.000219806 0.0426821 4.28682e-08 0.000219806 0.0426821 4.28682e-08 0.000219806 0.0426821 4.28682e-08 
0.00424423 0.824148 1.7951e-07 0.000219806 0.0426822 9.29673e-09 0.000219806 0.0426822 9.29673e-09 0.000219806 0.0426822 9.29673e-09 0.000219806 0.0426822 9.29673e-09 
3.00942e-08 1.7355e-05 3.87779e-06 0.000353827 0.204048 0.0455924 0.000353827 0.204048 0.0455924 0.000353827 0.204048 0.0455924 0.000353827 0.204048 0.0455924 
3.73517e-06 0.00117799 0.000263208 0.00064532 0.203519 0.0454742 0.00064532 0.203519 0.0454742 0.00064532 0.203519 0.0454742 0.00064532 0.203519 0.0454742 
8.04802e-08 2.53816e-05 0.00022685 7.97226e-05 0.0251427 0.224715 7.97226e-05 0.0251427 0.224715 7.97226e-05 0.0251427 0.224715 7.97226e-05 0.0251427 0.224715 
3.01861e-08 2.53867e-05 0.000226895 2.99019e-05 0.0251477 0.224759 2.99019e-05 0.0251477 0.224759 2.99019e-05 0.0251477 0.224759 2.99019e-05 0.0251477 0.224759 
1.13206e-08 2.53886e-05 0.000226912 1.12141e-05 0.0251496 0.224776 1.12141e-05 0.0251496 0.224776 1.12141e-05 0.0251496 0.224776 1.12141e-05 0.0251496 0.224776 
4.24535e-09 2.53893e-05 0.000226918 4.20539e-06 0.0251503 0.224782 4.20539e-06 0.0251503 0.224782 4.20539e-06 0.0251503 0.224782 4.20539e-06 0.0251503 0.224782 
1.59202e-09 2.53896e-05 0.000226921 1.57704e-06 0.0251506 0.224785 1.57704e-06 0.0251506 0.224785 1.57704e-06 0.0251506 0.224785 1.57704e-06 0.0251506 0.224785 
5.97012e-10 2.53897e-05 0.000226922 5.91392e-07 0.0251507 0.224786 5.91392e-07 0.0251507 0.224786 5.91392e-07 0.0251507 0.224786 5.91392e-07 0.0251507 0.224786 
0 2.53897e-05 0.000226922 2.21772e-07 0.0251507 0.224786 2.21772e-07 0.0251507 0.224786 2.21772e-07 0.0251507 0.224786 2.21772e-07 0.0251507 0.224786 
0 2.53897e-05 0.000226922 8.31646e-08 0.0251507 0.224786 8.31646e-08 0.0251507 0.224786 8.31646e-08 0.0251507 0.224786 8.31646e-08 0.0251507 0.224786 
0 2.53897e-05 0.000226922 3.03438e-07 0.0251507 0.224786 3.03438e-07 0.0251507 0.224786 3.03438e-07 0.0251507 0.224786 3.03438e-07 0.0251507 0.224786 
0 2.53896e-05 0.000226921 1.18003e-06 0.0251506 0.224785 1.18003e-06 0.0251506 0.224785 1.18003e-06 0.0251506 0.224785 1.18003e-06 0.0251506 0.224785 
0 2.53894e-05 0.00022692 2.95006e-06 0.0251504 0.224784 2.95006e-06 0.0251504 0.224784 2.95006e-06 0.0251504 0.224784 2.95006e-06 0.0251504 0.224784 
3.11398e-06 0.00117849 0.000263322 0.000537999 0.203607 0.0454938 0.000537999 0.203607 0.0454938 0.000537999 0.203607 0.0454938 0.000537999 0.203607 0.0454938 
0.453107 0.453107 0.00103263 0.00778336 0.00778336 1.77382e-05 0.0153786 0.0153786 3.50477e-05 0.0153786 0.0153786 3.50477e-05 0.00778336 0.00778336 1.77382e-05 
0.453511 0.453511 0.000224143 0.00779031 0.00779031 3.85027e-06 0.0153923 0.0153923 7.60748e-06 0.0153923 0.0153923 7.60748e-06 0.00779031 0.00779031 3.85027e-06 
0.453599 0.453599 4.86187e-05 0.00779181 0.00779181 8.35161e-07 0.0153953 0.0153953 1.65013e-06 0.0153953 0.0153953 1.65013e-06 0.00779181 0.00779181 8.35161e-07 
0.453618 0.453618 1.05443e-05 0.00779214 0.00779214 1.81127e-07 0.0153959 0.0153959 3.57875e-07 0.0153959 0.0153959 3.57875e-07 0.00779214 0.00779214 1.81127e-07 
0.453622 0.453622 2.28673e-06 0.00779221 0.00779221 3.92809e-08 0.0153961 0.0153961 7.76122e-08 0.0153961 0.0153961 7.76122e-08 0.00779221 0.00779221 3.92809e-08 
0.453623 0.453623 4.95918e-07 0.00779223 0.00779223 8.51876e-09 0.0153961 0.0153961 1.68316e-08 0.0153961 0.0153961 1.68316e-08 0.00779223 0.00779223 8.51876e-09 
0.453623 0.453623 1.07549e-07 0.00779223 0.00779223 1.84744e-09 0.0153961 0.0153961 3.65023e-09 0.0153961 0.0153961 3.65023e-09 0.00779223 0.00779223 1.84744e-09 
0.453623 0.453623 2.33238e-08 0.00779223 0.00779223 0 0.0153961 0.0153961 0 0.0153961 0.0153961 0 0.00779223 0.00779223 0 
0.216011 0.691236 3.5541e-08 0.00371059 0.0118739 0 0.00733148 0.0234607 0 0.00733148 0.0234607 0 0.00371059 0.0118739 0 
0.0951657 0.812081 4.17545e-08 0.00163473 0.0139497 0 0.00322995 0.0275623 0 0.00322995 0.0275623 0 0.00163473 0.0139497 0 
0.0381909 0.869056 4.46839e-08 0.000656034 0.0149284 0 0.00129621 0.029496 0 0.00129621 0.029496 0 0.000656034 0.0149284 0 
0.0381909 0.869056 9.28823e-09 0.000656034 0.0149284 0 0.00129621 0.029496 0 0.00129621 0.029496 0 0.000656034 0.0149284 0 
1.08825e-05 0.00469595 0.00104926 0.000469932 0.202782 0.0453094 0.000469932 0.202782 0.0453094 0.000469932 0.202782 0.0453094 0.000469932 0.202782 0.0453094 
3.88176e-05 0.0167503 0.000777971 0.000542715 0.234189 0.0108769 0.000542715 0.234189 0.0108769 0.000542715 0.234189 0.0108769 0.000542715 0.234189 0.0108769 
2.51906e-06 0.00108701 0.00201945 0.000201934 0.087137 0.161884 0.000201934 0.087137 0.161884 0.000201934 0.087137 0.161884 0.000201934 0.087137 0.161884 
9.45125e-07 0.00108756 0.00202047 7.57635e-05 0.0871811 0.161966 7.57635e-05 0.0871811 0.161966 7.57635e-05 0.0871811 0.161966 7.57635e-05 0.0871811 0.161966 
0.0318169 0.101814 0.0227493 0.0429104 0.137313 0.0306812 0.0429104 0.137313 0.0306812 0.0429104 0.137313 0.0306812 0.0429104 0.137313 0.0306812 
0.0837234 0.267915 0.0124434 0.0365586 0.116988 0.00543351 0.0365586 0.116988 0.00543351 0.0365586 0.116988 0.00543351 0.0365586 0.116988 0.00543351 
0.15093 0.482975 0.00486474 0.0213381 0.0682819 0.000687767 0.0213381 0.0682819 0.000687767 0.0213381 0.0682819 0.000687767 0.0213381 0.0682819 0.000687767 
0.209169 0.66934 0.000317082 0.00484582 0.0155066 7.34585e-06 0.00957451 0.0306384 1.45141e-05 0.00957451 0.0306384 1.45141e-05 0.00484582 0.0155066 7.34585e-06 
0.209228 0.669529 6.87841e-05 0.00484719 0.015511 1.59353e-06 0.00957722 0.0306471 3.14853e-06 0.00957722 0.0306471 3.14853e-06 0.00484719 0.015511 1.59353e-06 
0.209241 0.66957 1.49179e-05 0.00484749 0.015512 3.45605e-07 0.0095778 0.030649 6.82856e-07 0.0095778 0.030649 6.82856e-07 0.00484749 0.015512 3.45605e-07 
0.209243 0.669579 3.23526e-06 0.00484755 0.0155122 7.49515e-08 0.00957793 0.0306494 1.48091e-07 0.00957793 0.0306494 1.48091e-07 0.00484755 0.0155122 7.49515e-08 
0.209244 0.669581 7.01625e-07 0.00484757 0.0155122 1.62546e-08 0.00957796 0.0306495 3.21163e-08 0.00957796 0.0306495 3.21163e-08 0.00484757 0.0155122 1.62546e-08 
0.209635 0.670832 3.44919e-08 0.00711507 0.0227682 0 0.00711507 0.0227682 0 0.00711507 0.0227682 0 0.00711507 0.0227682 0 
0.0923567 0.78811 4.0522e-08 0.00313461 0.0267487 0 0.00313461 0.0267487 0 0.00313461 0.0267487 0 0.00313461 0.0267487 0 
0.0370636 0.843403 4.33649e-08 0.00125795 0.0286253 0 0.00125795 0.0286253 0 0.00125795 0.0286253 0 0.00125795 0.0286253 0 
0.0142744 0.866192 4.45367e-08 0.000484478 0.0293988 0 0.000484478 0.0293988 0 0.000484478 0.0293988 0 0.000484478 0.0293988 0 
0.0054077 0.875059 4.49926e-08 0.000183539 0.0296998 0 0.000183539 0.0296998 0 0.000183539 0.0296998 0 0.000183539 0.0296998 0 
0.0054077 0.875059 9.35239e-09 0.000183539 0.0296998 0 0.000183539 0.0296998 0 0.000183539 0.0296998 0 0.000183539 0.0296998 0 
0.0054077 0.875059 9.35239e-09 0.000183539 0.0296998 0 0.000183539 0.0296998 0 0.000183539 0.0296998 0 0.000183539 0.0296998 0 
0.000665758 0.0151497 0.000734104 0.0098906 0.225066 0.010906 0.0098906 0.225066 0.010906 0.0098906 0.225066 0.010906 0.0098906 0.225066 0.010906 
0.00103316 0.0626938 0.00303793 0.00361037 0.219082 0.010616 0.00361037 0.219082 0.010616 0.00361037 0.219082 0.010616 0.00361037 0.219082 0.010616 
0.00290522 0.176293 0.0017757 0.00328701 0.19946 0.00200906 0.00328701 0.19946 0.00200906 0.00328701 0.19946 0.00200906 0.00328701 0.19946 0.00200906 
0.00656216 0.398202 0.000869827 0.00240385 0.145869 0.000318635 0.00240385 0.145869 0.000318635 0.00240385 0.145869 0.000318635 0.00240385 0.145869 0.000318635 
0.0109906 0.666928 0.000315939 0.00130353 0.0791003 3.74716e-05 0.00130353 0.0791003 3.74716e-05 0.00130353 0.0791003 3.74716e-05 0.00130353 0.0791003 3.74716e-05 
0.0140522 0.85271 8.76032e-05 0.000539613 0.0327445 3.36401e-06 0.000539613 0.0327445 3.36401e-06 0.000539613 0.0327445 3.36401e-06 0.000539613 0.0327445 3.36401e-06 
0.0145311 0.88177 1.96458e-05 0.000282415 0.0171374 3.81818e-07 0.000558003 0.0338605 7.54407e-07 0.000558003 0.0338605 7.54407e-07 0.000282415 0.0171374 3.81818e-07 
0.0145314 0.881786 4.2606e-06 0.00028242 0.0171376 8.28054e-08 0.000558013 0.033861 1.63609e-07 0.000558013 0.033861 1.63609e-07 0.00028242 0.0171376 8.28054e-08 
0.0145314 0.881789 9.23989e-07 0.000282421 0.0171377 1.79579e-08 0.000558015 0.0338612 3.54817e-08 0.000558015 0.0338612 3.54817e-08 0.000282421 0.0171377 1.79579e-08 
0.0145314 0.88179 2.00383e-07 0.000282421 0.0171377 3.89448e-09 0.000558015 0.0338612 7.69482e-09 0.000558015 0.0338612 7.69482e-09 0.000282421 0.0171377 3.89448e-09 
0 1.35671e-07 3.03143e-08 3.5632e-08 0.204342 0.045658 3.5632e-08 0.204342 0.045658 3.5632e-08 0.204342 0.045658 3.5632e-08 0.204342 0.045658 
0.286768 0.0737403 0.00357321 0.12522 0.0321994 0.00156028 0.12522 0.0321994 0.00156028 0.12522 0.0321994 0.00156028 0.12522 0.0321994 0.00156028 
0.507022 0.130377 0.00137009 0.0716816 0.0184324 0.0001937 0.0716816 0.0184324 0.0001937 0.0716816 0.0184324 0.0001937 0.0716816 0.0184324 0.0001937 
0.672036 0.172809 0.000393831 0.0307619 0.00791019 1.80273e-05 0.0307619 0.00791019 1.80273e-05 0.0307619 0.00791019 1.80273e-05 0.0307619 0.00791019 1.80273e-05 
0.672282 0.172872 8.54403e-05 0.0307731 0.00791308 3.91095e-06 0.0307731 0.00791308 3.91095e-06 0.0307731 0.00791308 3.91095e-06 0.0307731 0.00791308 3.91095e-06 
0.672335 0.172886 1.85307e-05 0.0307755 0.00791371 8.48226e-07 0.0307755 0.00791371 8.48226e-07 0.0307755 0.00791371 8.48226e-07 0.0307755 0.00791371 8.48226e-07 
0.672347 0.172889 4.01877e-06 0.0307761 0.00791384 1.83956e-07 0.0307761 0.00791384 1.83956e-07 0.0307761 0.00791384 1.83956e-07 0.0307761 0.00791384 1.83956e-07 
0.672349 0.17289 8.71544e-07 0.0307762 0.00791387 3.98942e-08 0.0307762 0.00791387 3.98942e-08 0.0307762 0.00791387 3.98942e-08 0.0307762 0.00791387 3.98942e-08 
0.67235 0.17289 1.8901e-07 0.0307762 0.00791388 8.65175e-09 0.0307762 0.00791388 8.65175e-09 0.0307762 0.00791388 8.65175e-09 0.0307762 0.00791388 8.65175e-09 
0.67235 0.17289 4.09901e-08 0.0307762 0.00791388 1.87628e-09 0.0307762 0.00791388 1.87628e-09 0.0307762 0.00791388 1.87628e-09 0.0307762 0.00791388 1.87628e-09 
0.530446 0.1364 7.01325e-09 0.108223 0.0278289 1.43087e-09 0.0242807 0.00624361 0 0.0242807 0.00624361 0 0.108223 0.0278289 1.43087e-09 
0.625488 0.0413588 2.12653e-09 0.127614 0.00843816 4.33862e-10 0.0286311 0.00189316 0 0.0286311 0.00189316 0 0.127614 0.00843816 4.33862e-10 
0.655698 0.0111488 5.73232e-10 0.133778 0.00227461 0 0.030014 0.000510325 0 0.030014 0.000510325 0 0.133778 0.00227461 0 
0.757496 0.0128796 0 0.0782189 0.00132995 0 0.0346737 0.000589554 0 0.0346737 0.000589554 0 0.0782189 0.00132995 0 
0.136644 0.035137 0.000369243 0.164276 0.0422424 0.000443912 0.164276 0.0422424 0.000443912 0.164276 0.0422424 0.000443912 0.164276 0.0422424 0.000443912 
0.0882737 0.00583687 6.13378e-05 0.212273 0.014036 0.0001475 0.212273 0.014036 0.0001475 0.212273 0.014036 0.0001475 0.212273 0.014036 0.0001475 
0.0485726 0.000825876 8.67886e-06 0.233634 0.00397246 4.17453e-05 0.233634 0.00397246 4.17453e-05 0.233634 0.00397246 4.17453e-05 0.233634 0.00397246 4.17453e-05 
0.180178 0.00078777 8.27842e-06 0.203856 0.000891294 9.36633e-06 0.203856 0.000891294 9.36633e-06 0.203856 0.000891294 9.36633e-06 0.203856 0.000891294 9.36633e-06 
0.403864 0.00176576 4.02416e-06 0.147943 0.000646834 1.47413e-06 0.147943 0.000646834 1.47413e-06 0.147943 0.000646834 1.47413e-06 0.147943 0.000646834 1.47413e-06 
0.675281 0.00295245 1.45922e-06 0.0800909 0.000350172 1.73069e-07 0.0800909 0.000350172 1.73069e-07 0.0800909 0.000350172 1.73069e-07 0.0800909 0.000350172 1.73069e-07 
0.863076 0.00377352 4.04463e-07 0.0331426 0.000144905 1.55316e-08 0.0331426 0.000144905 1.55316e-08 0.0331426 0.000144905 1.55316e-08 0.0331426 0.000144905 1.55316e-08 
0.863076 0.00377352 8.77148e-08 0.0331426 0.000144905 3.3683e-09 0.0331426 0.000144905 3.3683e-09 0.0331426 0.000144905 3.3683e-09 0.0331426 0.000144905 3.3683e-09 
0.863076 0.00377352 1.90225e-08 0.0331426 0.000144905 0 0.0331426 0.000144905 0 0.0331426 0.000144905 0 0.0331426 0.000144905 0 
0.865877 0.000973483 4.90737e-09 0.0332501 3.73823e-05 0 0.0332501 3.73823e-05 0 0.0332501 3.73823e-05 0 0.0332501 3.73823e-05 0 
0.865877 0.000973483 4.90737e-09 0.0332501 3.73823e-05 0 0.0332501 3.73823e-05 0 0.0332501 3.73823e-05 0 0.0332501 3.73823e-05 0 
1.31719e-07 0.000295404 6.60049e-05 9.10489e-05 0.204194 0.0456249 9.10489e-05 0.204194 0.0456249 9.10489e-05 0.204194 0.0456249 9.10489e-05 0.204194 0.0456249 
6.37057e-05 0.0010595 0.000236735 0.0116952 0.194505 0.04346 0.0116952 0.194505 0.04346 0.0116952 0.194505 0.04346 0.0116952 0.194505 0.04346 
1.02911e-05 0.00054769 0.000122375 0.00377893 0.201114 0.0449368 0.00377893 0.201114 0.0449368 0.00377893 0.201114 0.0449368 0.00377893 0.201114 0.0449368 
1.80551e-05 0.000263356 5.8844e-05 0.0132614 0.193433 0.0432205 0.0132614 0.193433 0.0432205 0.0132614 0.193433 0.0432205 0.0132614 0.193433 0.0432205 
0.0835996 0.267519 0.0129631 0.0365046 0.116815 0.00566045 0.0365046 0.116815 0.00566045 0.0365046 0.116815 0.00566045 0.0365046 0.116815 0.00566045 
0.116153 0.371691 8.28123e-06 0.0304845 0.0975503 2.17341e-06 0.0304845 0.0975503 2.17341e-06 0.0304845 0.0975503 2.17341e-06 0.0304845 0.0975503 2.17341e-06 
0.0287002 0.29389 6.54784e-06 0.0150665 0.154281 3.43736e-06 0.0150665 0.154281 3.43736e-06 0.0150665 0.154281 3.43736e-06 0.0150665 0.154281 3.43736e-06 
0.00679335 0.185504 4.133e-06 0.00713331 0.194787 4.33984e-06 0.00713331 0.194787 4.33984e-06 0.00713331 0.194787 4.33984e-06 0.00713331 0.194787 4.33984e-06 
0.00144092 0.104925 2.33771e-06 0.00302641 0.220377 4.90997e-06 0.00302641 0.220377 4.90997e-06 0.00302641 0.220377 4.90997e-06 0.00302641 0.220377 4.90997e-06 
0.00172145 0.334273 7.44757e-06 0.000850472 0.165145 3.67942e-06 0.000850472 0.165145 3.67942e-06 0.000850472 0.165145 3.67942e-06 0.000850472 0.165145 3.67942e-06 
0.00312437 0.606693 2.80973e-06 0.000499765 0.0970447 4.49435e-07 0.000499765 0.0970447 4.49435e-07 0.000499765 0.0970447 4.49435e-07 0.000499765 0.0970447 4.49435e-07 
0.00234187 0.454746 9.90497e-08 0.000695396 0.135032 2.94118e-08 0.000695396 0.135032 2.94118e-08 0.000695396 0.135032 2.94118e-08 0.000695396 0.135032 2.94118e-08 
0.000475959 0.29575 6.44183e-08 0.000282695 0.175661 3.82612e-08 0.000282695 0.175661 3.82612e-08 0.000282695 0.175661 3.82612e-08 0.000282695 0.175661 3.82612e-08 
0.000386912 0.641116 1.39643e-07 5.40553e-05 0.0895701 1.95095e-08 5.40553e-05 0.0895701 1.95095e-08 5.40553e-05 0.0895701 1.95095e-08 5.40553e-05 0.0895701 1.95095e-08 
0.000510725 0.846275 3.83157e-08 2.31021e-05 0.0382804 1.73317e-09 2.31021e-05 0.0382804 1.73317e-09 2.31021e-05 0.0382804 1.73317e-09 2.31021e-05 0.0382804 1.73317e-09 
0.000530808 0.879553 8.63618e-09 1.21521e-05 0.0201362 1.97714e-10 2.40105e-05 0.0397857 3.90649e-10 2.40105e-05 0.0397857 3.90649e-10 1.21521e-05 0.0201362 1.97714e-10 
0.000367901 0.000981068 0.0404319 0.00210939 0.00562505 0.23182 0.00210939 0.00562505 0.23182 0.00210939 0.00562505 0.23182 0.00210939 0.00562505 0.23182 
0.000138726 0.000986497 0.0406556 0.0007954 0.00565618 0.233103 0.0007954 0.00565618 0.233103 0.0007954 0.00565618 0.233103 0.0007954 0.00565618 0.233103 
5.21305e-05 0.000988549 0.0407402 0.000298895 0.00566794 0.233588 0.000298895 0.00566794 0.233588 0.000298895 0.00566794 0.233588 0.000298895 0.00566794 0.233588 
0.000229049 0.00434344 0.0372084 0.00131327 0.0249036 0.213338 0.00131327 0.0249036 0.213338 0.00131327 0.0249036 0.213338 0.00131327 0.0249036 0.213338 
0.000757002 0.014355 0.0266689 0.00434035 0.0823059 0.152909 0.00434035 0.0823059 0.152909 0.00434035 0.0823059 0.152909 0.00434035 0.0823059 0.152909 
0 1.08572e-06 2.42591e-07 7.00693e-06 0.204336 0.0456567 7.00693e-06 0.204336 0.0456567 7.00693e-06 0.204336 0.0456567 7.00693e-06 0.204336 0.0456567 
0 9.23264e-06 2.06293e-06 5.63066e-07 0.204339 0.0456574 5.63066e-07 0.204339 0.0456574 5.63066e-07 0.204339 0.0456574 5.63066e-07 0.204339 0.0456574 
0.00741376 0.0632641 0.0141357 0.0199997 0.170664 0.038133 0.0199997 0.170664 0.038133 0.0199997 0.170664 0.038133 0.0199997 0.170664 0.038133 
0.0224111 0.191241 0.00888225 0.0195743 0.167034 0.00775793 0.0195743 0.167034 0.00775793 0.0195743 0.167034 0.00775793 0.0195743 0.167034 0.00775793 
0.0487801 0.416257 0.00419273 0.0137944 0.117713 0.00118565 0.0137944 0.117713 0.00118565 0.0137944 0.117713 0.00118565 0.0137944 0.117713 0.00118565 
0.0766269 0.653883 0.00142834 0.00701587 0.0598687 0.000130777 0.00701587 0.0598687 0.000130777 0.00701587 0.0598687 0.000130777 0.00701587 0.0598687 0.000130777 
0.0937358 0.799879 0.000378921 0.00277871 0.0237117 1.12328e-05 0.00277871 0.0237117 1.12328e-05 0.00277871 0.0237117 1.12328e-05 0.00277871 0.0237117 1.12328e-05 
0.0937669 0.800144 8.22029e-05 0.00277964 0.0237196 2.43683e-06 0.00277964 0.0237196 2.43683e-06 0.00277964 0.0237196 2.43683e-06 0.00277964 0.0237196 2.43683e-06 
0.0937737 0.800202 1.78284e-05 0.00277984 0.0237213 5.28508e-07 0.00277984 0.0237213 5.28508e-07 0.00277984 0.0237213 5.28508e-07 0.00277984 0.0237213 5.28508e-07 
0.0937751 0.800214 3.86646e-06 0.00277988 0.0237217 1.14618e-07 0.00277988 0.0237217 1.14618e-07 0.00277988 0.0237217 1.14618e-07 0.00277988 0.0237217 1.14618e-07 
0.0937754 0.800217 8.38513e-07 0.00277989 0.0237217 2.4857e-08 0.00277989 0.0237217 2.4857e-08 0.00277989 0.0237217 2.4857e-08 0.00277989 0.0237217 2.4857e-08 
0.0937755 0.800218 1.81846e-07 0.00277989 0.0237217 5.39067e-09 0.00277989 0.0237217 5.39067e-09 0.00277989 0.0237217 5.39067e-09 0.00277989 0.0237217 5.39067e-09 
0.0937755 0.800218 3.94366e-08 0.00277989 0.0237218 1.16906e-09 0.00277989 0.0237218 1.16906e-09 0.00277989 0.0237218 1.16906e-09 0.00277989 0.0237218 1.16906e-09 
0.096336 0.822067 8.78603e-09 0.0028558 0.0243695 2.60454e-10 0.00142376 0.0121494 0 0.0028558 0.0243695 2.60454e-10 0.00142376 0.0121494 0 
0.096336 0.822067 1.9054e-09 0.0028558 0.0243695 0 0.00142376 0.0121494 0 0.0028558 0.0243695 0 0.00142376 0.0121494 0 
0.37802 0.37802 0.0039725 0.020056 0.020056 0.000210762 0.0396271 0.0396271 0.000416429 0.0396271 0.0396271 0.000416429 0.020056 0.020056 0.000210762 
0.700371 0.180095 9.2599e-09 0.0237708 0.00611249 0 0.0237708 0.00611249 0 0.0237708 0.00611249 0 0.0237708 0.00611249 0 
0.825859 0.0546078 2.80775e-09 0.0280299 0.00185341 0 0.0280299 0.00185341 0 0.0280299 0.00185341 0 0.0280299 0.00185341 0 
0.865747 0.0147202 7.56864e-10 0.0293837 0.000499608 0 0.0293837 0.000499608 0 0.0293837 0.000499608 0 0.0293837 0.000499608 0 
0.876634 0.0038328 0 0.0297532 0.000130086 0 0.0297532 0.000130086 0 0.0297532 0.000130086 0 0.0297532 0.000130086 0 
0.876634 0.0038328 0 0.0297532 0.000130086 0 0.0297532 0.000130086 0 0.0297532 0.000130086 0 0.0297532 0.000130086 0 
0.879478 0.000988775 0 0.0298497 3.35593e-05 0 0.0298497 3.35593e-05 0 0.0298497 3.35593e-05 0 0.0298497 3.35593e-05 0 
0.880212 0.000254469 0 0.0298747 8.63674e-06 0 0.0298747 8.63674e-06 0 0.0298747 8.63674e-06 0 0.0298747 8.63674e-06 0 
0.880212 0.000254469 0 0.0298747 8.63674e-06 0 0.0298747 8.63674e-06 0 0.0298747 8.63674e-06 0 0.0298747 8.63674e-06 0 
0.0162283 0.004173 0.000932412 0.186115 0.0478581 0.0106934 0.186115 0.0478581 0.0106934 0.186115 0.0478581 0.0106934 0.186115 0.0478581 0.0106934 
0.0099738 0.000659492 0.000147356 0.228796 0.0151286 0.00338031 0.228796 0.0151286 0.00338031 0.228796 0.0151286 0.00338031 0.228796 0.0151286 0.00338031 
0.0487612 0.416096 0.00437262 0.0137891 0.117667 0.00123652 0.0137891 0.117667 0.00123652 0.0137891 0.117667 0.00123652 0.0137891 0.117667 0.00123652 
0.079253 0.676292 7.08657e-07 0.0104716 0.0893579 9.36343e-08 0.00234938 0.0200481 2.10075e-08 0.00234938 0.0200481 2.10075e-08 0.0104716 0.0893579 9.36343e-08 
0.0266914 0.728854 7.63734e-07 0.00352672 0.0963028 1.00912e-07 0.000791243 0.0216062 2.26402e-08 0.000791243 0.0216062 2.26402e-08 0.00352672 0.0963028 1.00912e-07 
0.00822433 0.598878 6.27538e-07 0.0021736 0.158277 1.65851e-07 0.000487662 0.0355105 3.72099e-08 0.000487662 0.0355105 3.72099e-08 0.0021736 0.158277 1.65851e-07 
0.00223294 0.433594 4.54345e-07 0.00118042 0.229215 2.40184e-07 0.000264835 0.0514259 5.3887e-08 0.000264835 0.0514259 5.3887e-08 0.00118042 0.229215 2.40184e-07 
0.000537008 0.278071 2.91379e-07 0.000567832 0.294032 3.08104e-07 0.000127397 0.0659682 6.91252e-08 0.000127397 0.0659682 6.91252e-08 0.000567832 0.294032 3.08104e-07 
0.00044975 0.621034 6.50754e-07 0.000111863 0.154465 1.61858e-07 2.50973e-05 0.0346554 3.63139e-08 2.50973e-05 0.0346554 3.63139e-08 0.000111863 0.154465 1.61858e-07 
0.000604474 0.834682 1.81805e-07 4.86779e-05 0.0672165 1.46406e-08 1.09212e-05 0.0150805 3.28473e-09 1.09212e-05 0.0150805 3.28473e-09 4.86779e-05 0.0672165 1.46406e-08 
0.000604474 0.834682 3.94275e-08 4.86779e-05 0.0672165 3.17507e-09 1.09212e-05 0.0150805 7.1235e-10 1.09212e-05 0.0150805 7.1235e-10 4.86779e-05 0.0672165 3.17507e-09 
0.000647495 0.894088 4.22336e-08 2.63902e-05 0.0364406 1.72133e-09 1.16985e-05 0.0161538 7.63049e-10 1.16985e-05 0.0161538 7.63049e-10 2.63902e-05 0.0364406 1.72133e-09 
0.453318 0.453318 0.00103311 0.0153858 0.0153858 3.5064e-05 0.00767056 0.00767056 1.74811e-05 0.0153858 0.0153858 3.5064e-05 0.00767056 0.00767056 1.74811e-05 
0.453723 0.453723 0.000224247 0.0153995 0.0153995 7.61102e-06 0.00767741 0.00767741 3.79447e-06 0.0153995 0.0153995 7.61102e-06 0.00767741 0.00767741 3.79447e-06 
0.453811 0.453811 4.86414e-05 0.0154025 0.0154025 1.6509e-06 0.00767889 0.00767889 8.23057e-07 0.0154025 0.0154025 1.6509e-06 0.00767889 0.00767889 8.23057e-07 
0.45383 0.45383 1.05492e-05 0.0154031 0.0154031 3.58042e-07 0.00767921 0.00767921 1.78502e-07 0.0154031 0.0154031 3.58042e-07 0.00767921 0.00767921 1.78502e-07 
0.453834 0.453834 2.28779e-06 0.0154032 0.0154032 7.76484e-08 0.00767928 0.00767928 3.87116e-08 0.0154032 0.0154032 7.76484e-08 0.00767928 0.00767928 3.87116e-08 
0.000129103 0.00783415 0.000379617 0.00383638 0.232797 0.0112806 0.00383638 0.232797 0.0112806 0.00383638 0.232797 0.0112806 0.00383638 0.232797 0.0112806 
0.000202343 0.0327425 0.00158659 0.00141433 0.228863 0.0110899 0.00141433 0.228863 0.0110899 0.00141433 0.228863 0.0110899 0.00141433 0.228863 0.0110899 
0.000604931 0.0978882 0.000985975 0.00136901 0.22153 0.00223135 0.00136901 0.22153 0.00223135 0.00136901 0.22153 0.00223135 0.00136901 0.22153 0.00223135 
0.00155907 0.252285 0.000551088 0.00114237 0.184855 0.000403795 0.00114237 0.184855 0.000403795 0.00114237 0.184855 0.000403795 0.00114237 0.184855 0.000403795 
0.0031499 0.509708 0.00024146 0.000747266 0.120921 5.72829e-05 0.000747266 0.120921 5.72829e-05 0.000747266 0.120921 5.72829e-05 0.000747266 0.120921 5.72829e-05 
0.00469786 0.760195 7.80987e-05 0.000360842 0.0583905 5.99875e-06 0.000360842 0.0583905 5.99875e-06 0.000360842 0.0583905 5.99875e-06 0.000360842 0.0583905 5.99875e-06 
0.00558604 0.903918 2.01392e-05 0.000138919 0.0224794 5.00839e-07 0.000138919 0.0224794 5.00839e-07 0.000138919 0.0224794 5.00839e-07 0.000138919 0.0224794 5.00839e-07 
0.00558614 0.903934 4.36762e-06 0.000138921 0.0224798 1.08618e-07 0.000138921 0.0224798 1.08618e-07 0.000138921 0.0224798 1.08618e-07 0.000138921 0.0224798 1.08618e-07 
0.00558616 0.903938 9.47197e-07 0.000138921 0.0224799 2.35557e-08 0.000138921 0.0224799 2.35557e-08 0.000138921 0.0224799 2.35557e-08 0.000138921 0.0224799 2.35557e-08 
0.00558617 0.903938 2.05416e-07 0.000138922 0.0224799 5.10847e-09 0.000138922 0.0224799 5.10847e-09 0.000138922 0.0224799 5.10847e-09 0.000138922 0.0224799 5.10847e-09 
0.00558617 0.903938 4.45481e-08 0.000138922 0.0224799 1.10786e-09 0.000138922 0.0224799 1.10786e-09 0.000138922 0.0224799 1.10786e-09 0.000138922 0.0224799 1.10786e-09 
0.00558617 0.903938 9.66104e-09 0.000138922 0.0224799 0 0.000138922 0.0224799 0 0.000138922 0.0224799 0 0.000138922 0.0224799 0 
0.00175308 0.907772 9.70201e-09 4.35971e-05 0.0225752 0 4.35971e-05 0.0225752 0 4.35971e-05 0.0225752 0 4.35971e-05 0.0225752 0 
0.00175308 0.907772 2.01671e-09 4.35971e-05 0.0225752 0 4.35971e-05 0.0225752 0 4.35971e-05 0.0225752 0 4.35971e-05 0.0225752 0 
